ATP,Location,Tournament,Date,Series,Court,Surface,Round,Best of,Winner,Loser,WRank,LRank,WPts,LPts,W1,L1,W2,L2,W3,L3,W4,L4,W5,L5,Wsets,Lsets,Comment,B365W,B365L,CBW,CBL,EXW,EXL,PSW,PSL,UBW,UBL
1,Adelaide,Next Generation Adelaide International,1/2/06,International,Outdoor,Hard,1st Round,3,Berdych T.,Calleri A.,24,51,1200,692,6,4,6,7,6,4,,,,,2,1,Completed,1.39,2.75,1.4,2.85,1.35,3.1,1.446,3.04,1.38,2.94
1,Adelaide,Next Generation Adelaide International,1/2/06,International,Outdoor,Hard,1st Round,3,Kohlschreiber P.,Guccione C.,86,156,470,265,6,4,6,3,,,,,,,2,0,Completed,1.53,2.37,1.67,2.15,1.6,2.25,1.719,2.29,1.57,2.34
1,Adelaide,Next Generation Adelaide International,1/2/06,International,Outdoor,Hard,1st Round,3,Malisse X.,Luczak P.,47,146,731,286,7,6,6,3,,,,,,,2,0,Completed,1.28,3.25,1.3,3.4,1.3,3.35,1.391,3.36,1.33,3.2
1,Adelaide,Next Generation Adelaide International,1/2/06,International,Outdoor,Hard,1st Round,3,Robredo T.,Melzer J.,19,52,1490,690,7,5,6,4,,,,,,,2,0,Completed,1.53,2.37,1.6,2.3,1.5,2.5,1.606,2.55,1.56,2.36
1,Adelaide,Next Generation Adelaide International,1/2/06,International,Outdoor,Hard,1st Round,3,Ancic M.,Clement A.,21,69,1360,558,6,0,6,2,,,,,,,2,0,Completed,1.44,2.62,1.5,2.55,1.42,2.75,1.549,2.72,1.53,2.42
1,Adelaide,Next Generation Adelaide International,1/3/06,International,Outdoor,Hard,1st Round,3,Mayer F.,Monaco J.,72,85,519,477,6,2,6,4,,,,,,,2,0,Completed,1.5,2.5,1.6,2.3,1.48,2.53,1.606,2.55,1.57,2.34
1,Adelaide,Next Generation Adelaide International,1/3/06,International,Outdoor,Hard,1st Round,3,Seppi A.,Pashanski B.,68,82,562,498,6,4,6,4,,,,,,,2,0,Completed,1.4,2.75,1.5,2.55,1.53,2.4,1.524,2.77,,
1,Adelaide,Next Generation Adelaide International,1/3/06,International,Outdoor,Hard,1st Round,3,Philippoussis M.,Spadea V.,172,75,228,515,6,4,3,6,6,4,,,,,2,1,Completed,1.83,1.83,1.77,2,1.8,1.95,1.877,2.04,1.77,2
1,Adelaide,Next Generation Adelaide International,1/3/06,International,Outdoor,Hard,1st Round,3,Karlovic I.,Chela J.I.,70,39,550,815,6,3,3,6,6,1,,,,,2,1,Completed,1.9,1.8,2,1.77,2.05,1.75,2.21,1.763,1.96,1.8
1,Adelaide,Next Generation Adelaide International,1/3/06,International,Outdoor,Hard,1st Round,3,Blake J.,Martin A.,23,50,1230,711,6,3,6,3,,,,,,,2,0,Completed,1.12,5.5,1.16,5,1.13,5.5,1.163,6.55,1.16,4.95
1,Adelaide,Next Generation Adelaide International,1/3/06,International,Outdoor,Hard,1st Round,3,Nieminen J.,Mathieu P.H.,28,46,1045,738,6,2,7,6,,,,,,,2,0,Completed,1.66,2.1,1.77,2,1.8,1.95,1.763,2.21,1.77,2
1,Adelaide,Next Generation Adelaide International,1/3/06,International,Outdoor,Hard,1st Round,3,Serra F.,Llodra M.,49,137,712,303,3,6,3,1,,,,,,,0,1,Retired,2.2,1.61,2.2,1.65,2.4,1.53,2.3,1.714,,
1,Adelaide,Next Generation Adelaide International,1/3/06,International,Outdoor,Hard,1st Round,3,Murray A.,Lorenzi P.,64,252,571,138,3,6,6,0,6,2,,,,,2,1,Completed,1.08,6.5,1.08,7.5,1.13,5.5,1.111,8.75,1.11,6.5
1,Adelaide,Next Generation Adelaide International,1/3/06,International,Outdoor,Hard,1st Round,3,Carlsen K.,Carraz G.,66,167,565,233,5,7,7,5,6,3,,,,,2,1,Completed,2,1.72,2.3,1.6,2.15,1.65,2.21,1.763,2.15,1.67
1,Adelaide,Next Generation Adelaide International,1/3/06,International,Outdoor,Hard,1st Round,3,Hewitt L.,Hernych J.,4,74,2490,515,4,6,6,2,6,4,,,,,2,1,Completed,1.08,6.5,1.08,7.5,1.06,7.79,1.1,9,1.12,5.8
1,Adelaide,Next Generation Adelaide International,1/3/06,International,Outdoor,Hard,1st Round,3,Hrbaty D.,Junaid R.,18,413,1490,67,6,3,7,5,,,,,,,2,0,Completed,1.05,8,1.05,9,,,1.083,10.98,,
1,Adelaide,Next Generation Adelaide International,1/4/06,International,Outdoor,Hard,2nd Round,3,Serra F.,Robredo T.,49,19,712,1490,7,6,3,6,6,3,,,,,2,1,Completed,3.5,1.28,3.4,1.3,4.25,1.2,4.14,1.291,3.75,1.25
1,Adelaide,Next Generation Adelaide International,1/4/06,International,Outdoor,Hard,2nd Round,3,Malisse X.,Ancic M.,47,21,731,1360,3,6,6,3,7,6,,,,,2,1,Completed,2.37,1.53,2.4,1.55,2.35,1.55,2.73,1.546,2.25,1.61
1,Adelaide,Next Generation Adelaide International,1/4/06,International,Outdoor,Hard,2nd Round,3,Nieminen J.,Mayer F.,28,72,1045,519,7,6,7,5,,,,,,,2,0,Completed,1.5,2.5,1.48,2.6,1.53,2.4,1.585,2.61,1.55,2.37
1,Adelaide,Next Generation Adelaide International,1/4/06,International,Outdoor,Hard,2nd Round,3,Seppi A.,Blake J.,68,23,562,1230,3,6,6,3,6,4,,,,,2,1,Completed,6,1.11,6,1.12,5.2,1.15,8,1.129,5.3,1.14
1,Adelaide,Next Generation Adelaide International,1/5/06,International,Outdoor,Hard,2nd Round,3,Berdych T.,Murray A.,24,64,1200,571,7,6,4,6,6,1,,,,,2,1,Completed,1.72,2,1.75,2.05,1.6,2.25,1.68,2.37,1.64,2.2
1,Adelaide,Next Generation Adelaide International,1/5/06,International,Outdoor,Hard,2nd Round,3,Hrbaty D.,Philippoussis M.,18,172,1490,228,3,6,6,4,6,1,,,,,2,1,Completed,1.36,3,1.35,3.1,1.44,2.66,1.412,3.23,1.34,3.12
1,Adelaide,Next Generation Adelaide International,1/5/06,International,Outdoor,Hard,2nd Round,3,Carlsen K.,Karlovic I.,66,70,565,550,2,6,7,6,6,4,,,,,2,1,Completed,2.5,1.5,2.55,1.5,2.45,1.5,2.89,1.478,2.56,1.48
1,Adelaide,Next Generation Adelaide International,1/5/06,International,Outdoor,Hard,2nd Round,3,Kohlschreiber P.,Hewitt L.,86,4,470,2490,6,3,0,6,7,5,,,,,2,1,Completed,7,1.08,7.5,1.07,6.23,1.1,11,1.083,7,1.08
1,Adelaide,Next Generation Adelaide International,1/6/06,International,Outdoor,Hard,Quarterfinals,3,Serra F.,Nieminen J.,49,28,712,1045,6,4,6,7,6,2,,,,,2,1,Completed,2.75,1.39,2.85,1.4,2.6,1.46,2.94,1.467,2.82,1.4
1,Adelaide,Next Generation Adelaide International,1/6/06,International,Outdoor,Hard,Quarterfinals,3,Hrbaty D.,Carlsen K.,18,66,1490,565,7,5,6,3,,,,,,,2,0,Completed,1.3,3.39,1.3,3.4,1.28,3.46,1.368,3.52,1.28,3.55
1,Adelaide,Next Generation Adelaide International,1/6/06,International,Outdoor,Hard,Quarterfinals,3,Malisse X.,Seppi A.,47,68,731,562,6,0,6,1,,,,,,,2,0,Completed,1.44,2.62,1.5,2.55,1.61,2.23,1.565,2.67,1.5,2.5
1,Adelaide,Next Generation Adelaide International,1/6/06,International,Outdoor,Hard,Quarterfinals,3,Berdych T.,Kohlschreiber P.,24,86,1200,470,6,1,6,4,,,,,,,2,0,Completed,1.22,4,1.2,4.4,1.17,4.67,1.284,4.22,1.24,3.85
1,Adelaide,Next Generation Adelaide International,1/7/06,International,Outdoor,Hard,Semifinals,3,Serra F.,Hrbaty D.,49,18,712,1490,6,3,6,3,,,,,,,2,0,Completed,3.39,1.3,3.2,1.33,3,1.36,3.45,1.377,3.3,1.35
1,Adelaide,Next Generation Adelaide International,1/7/06,International,Outdoor,Hard,Semifinals,3,Malisse X.,Berdych T.,47,24,731,1200,6,4,6,0,,,,,,,2,0,Completed,2.5,1.5,2.55,1.5,2.75,1.42,2.75,1.541,2.5,1.5
1,Adelaide,Next Generation Adelaide International,1/8/06,International,Outdoor,Hard,The Final,3,Serra F.,Malisse X.,49,47,712,731,6,3,6,4,,,,,,,2,0,Completed,2.75,1.39,2.85,1.42,2.45,1.5,2.81,1.498,2.9,1.4
2,Chennai,Chennai Open,1/2/06,International,Outdoor,Hard,1st Round,3,Amritraj P.,Mello R.,267,111,127,398,2,6,6,2,6,3,,,,,2,1,Completed,3,1.33,,,3.01,1.35,3.11,1.433,2.85,1.4
2,Chennai,Chennai Open,1/2/06,International,Outdoor,Hard,1st Round,3,Vliegen K.,Wang Y.T.,93,100,442,423,6,3,6,2,,,,,,,2,0,Completed,1.8,1.9,1.88,1.88,1.8,1.95,1.926,1.98,1.8,1.96
2,Chennai,Chennai Open,1/2/06,International,Outdoor,Hard,1st Round,3,Phau B.,Reynolds B.,87,92,463,442,6,3,6,0,,,,,,,2,0,Completed,1.72,2,1.77,2,1.67,2.12,1.82,2.12,1.7,2.1
2,Chennai,Chennai Open,1/2/06,International,Outdoor,Hard,1st Round,3,Ascione T.,Greul S.,96,131,431,333,7,5,6,1,,,,,,,2,0,Completed,1.57,2.25,,,,,,,,
2,Chennai,Chennai Open,1/2/06,International,Outdoor,Hard,1st Round,3,Behrend T.,Daniel M.,89,94,462,440,6,3,7,5,,,,,,,2,0,Completed,1.57,2.25,,,1.64,2.17,1.606,2.55,,
2,Chennai,Chennai Open,1/2/06,International,Outdoor,Hard,1st Round,3,Vanek J.,Uppal V.,99,526,424,43,6,3,6,1,,,,,,,2,0,Completed,,,,,,,,,,
2,Chennai,Chennai Open,1/3/06,International,Outdoor,Hard,1st Round,3,Stepanek R.,Navarro-Pastor I.,20,139,1440,301,6,4,7,6,,,,,,,2,0,Completed,,,,,,,1.125,8.2,,
2,Chennai,Chennai Open,1/3/06,International,Outdoor,Hard,1st Round,3,Berrer M.,Dlouhy L.,126,98,356,428,6,3,3,6,6,2,,,,,2,1,Completed,,,,,,,1.833,2.1,,
2,Chennai,Chennai Open,1/3/06,International,Outdoor,Hard,1st Round,3,Srichaphan P.,Delgado R.,42,132,785,332,4,6,6,1,7,6,,,,,2,1,Completed,1.12,5.5,1.14,5.5,1.1,5.85,1.164,6.49,1.14,5.3
2,Chennai,Chennai Open,1/3/06,International,Outdoor,Hard,1st Round,3,Muller G.,Sabau R.,76,112,506,398,6,2,7,6,,,,,,,2,0,Completed,1.28,3.25,1.25,3.8,1.18,4.56,1.233,4.9,1.22,4.1
2,Chennai,Chennai Open,1/3/06,International,Outdoor,Hard,1st Round,3,Schuettler R.,Vicente F.,88,110,463,400,6,4,6,3,,,,,,,2,0,Completed,1.33,3,,,1.45,2.6,1.452,3.01,1.36,3.03
2,Chennai,Chennai Open,1/3/06,International,Outdoor,Hard,1st Round,3,Moya C.,Norman D.,31,108,940,404,6,4,3,6,6,1,,,,,2,1,Completed,1.16,4.5,1.22,4.1,1.17,4.67,1.253,4.55,1.22,4.06
2,Chennai,Chennai Open,1/3/06,International,Outdoor,Hard,1st Round,3,Gimelstob J.,Waske A.,104,122,408,368,6,2,6,2,,,,,,,2,0,Completed,1.72,2,1.77,2,1.75,2.05,1.769,2.2,1.73,2.05
2,Chennai,Chennai Open,1/3/06,International,Outdoor,Hard,1st Round,3,Bopanna R.,Saulnier C.,266,90,128,460,6,3,6,3,,,,,,,2,0,Completed,,,,,,,4.8,1.238,,
2,Chennai,Chennai Open,1/3/06,International,Outdoor,Hard,1st Round,3,Ljubicic I.,Garcia-Lopez G.,9,91,2180,460,7,6,7,5,,,,,,,2,0,Completed,1.1,6,1.14,5.5,1.1,5.85,1.2,5.5,1.15,5.1
2,Chennai,Chennai Open,1/3/06,International,Outdoor,Hard,1st Round,3,Gicquel M.,Lee H.T.,123,107,366,406,7,5,6,4,,,,,,,2,0,Completed,2.1,1.66,,,,,2.19,1.775,2.15,1.66
2,Chennai,Chennai Open,1/4/06,International,Outdoor,Hard,2nd Round,3,Phau B.,Berrer M.,87,126,463,356,1,6,6,2,6,4,,,,,2,1,Completed,,,,,,,,,,
2,Chennai,Chennai Open,1/4/06,International,Outdoor,Hard,2nd Round,3,Stepanek R.,Amritraj P.,20,267,1440,127,3,6,6,0,6,4,,,,,2,1,Completed,,,,,,,,,,
2,Chennai,Chennai Open,1/4/06,International,Outdoor,Hard,2nd Round,3,Ascione T.,Behrend T.,96,89,431,462,6,4,6,1,,,,,,,2,0,Completed,1.66,2.1,,,1.6,2.3,1.68,2.37,,
2,Chennai,Chennai Open,1/4/06,International,Outdoor,Hard,2nd Round,3,Moya C.,Gimelstob J.,31,104,940,408,3,6,6,3,6,4,,,,,2,1,Completed,,,,,1.3,3.35,1.333,3.7,,
2,Chennai,Chennai Open,1/5/06,International,Outdoor,Hard,2nd Round,3,Ljubicic I.,Vanek J.,9,99,2180,424,6,3,3,6,6,3,,,,,2,1,Completed,1.1,6.5,1.08,7.5,1.1,6.75,1.089,10.25,1.1,6.5
2,Chennai,Chennai Open,1/5/06,International,Outdoor,Hard,2nd Round,3,Vliegen K.,Schuettler R.,93,88,442,463,6,2,6,4,,,,,,,2,0,Completed,2,1.72,1.88,1.88,2,1.75,1.935,1.971,1.94,1.82
2,Chennai,Chennai Open,1/5/06,International,Outdoor,Hard,2nd Round,3,Muller G.,Bopanna R.,76,266,506,128,6,3,6,4,,,,,,,2,0,Completed,1.16,4.5,1.16,5,1.15,5.2,1.211,5.35,1.14,5.25
2,Chennai,Chennai Open,1/5/06,International,Outdoor,Hard,2nd Round,3,Srichaphan P.,Gicquel M.,42,123,785,366,6,3,6,7,6,2,,,,,2,1,Completed,1.25,3.75,1.2,4.4,1.25,3.74,1.328,3.75,1.22,4
2,Chennai,Chennai Open,1/6/06,International,Outdoor,Hard,Quarterfinals,3,Vliegen K.,Srichaphan P.,93,42,442,785,6,1,6,2,,,,,,,2,0,Completed,3.25,1.33,3,1.37,3.1,1.35,3.36,1.391,3,1.36
2,Chennai,Chennai Open,1/6/06,International,Outdoor,Hard,Quarterfinals,3,Stepanek R.,Ascione T.,20,96,1440,431,6,3,6,4,,,,,,,2,0,Completed,1.19,4.33,1.25,3.85,1.28,3.46,1.291,4.14,1.27,3.6
2,Chennai,Chennai Open,1/6/06,International,Outdoor,Hard,Quarterfinals,3,Moya C.,Phau B.,31,87,940,463,6,4,4,6,6,1,,,,,2,1,Completed,1.28,3.5,1.33,3.2,1.26,3.59,1.366,3.53,1.36,3.03
2,Chennai,Chennai Open,1/6/06,International,Outdoor,Hard,Quarterfinals,3,Ljubicic I.,Muller G.,9,76,2180,506,6,1,6,3,,,,,,,2,0,Completed,1.25,3.75,1.28,3.55,1.28,3.46,1.369,3.51,1.29,3.4
2,Chennai,Chennai Open,1/7/06,International,Outdoor,Hard,Semifinals,3,Moya C.,Stepanek R.,31,20,940,1440,6,4,6,7,7,6,,,,,2,1,Completed,2,1.72,1.9,1.9,2,1.75,2.26,1.735,2.16,1.66
2,Chennai,Chennai Open,1/8/06,International,Outdoor,Hard,Semifinals,3,Ljubicic I.,Vliegen K.,9,93,2180,442,6,3,3,6,7,6,,,,,2,1,Completed,1.14,5,1.18,4.65,1.2,4.25,1.242,4.74,1.2,4.25
2,Chennai,Chennai Open,1/8/06,International,Outdoor,Hard,The Final,3,Ljubicic I.,Moya C.,9,31,2180,940,7,6,6,2,,,,,,,2,0,Completed,1.53,2.37,1.53,2.45,1.7,2.08,1.61,2.54,1.63,2.2
3,Doha,Qatar Exxon Mobil Open,1/2/06,International,Outdoor,Hard,1st Round,3,Youzhny M.,Bjorkman J.,43,62,775,588,1,6,6,3,6,4,,,,,2,1,Completed,1.36,2.87,1.35,3.1,1.3,3.35,1.408,3.25,1.34,3.12
3,Doha,Qatar Exxon Mobil Open,1/2/06,International,Outdoor,Hard,1st Round,3,Sanguinetti D.,Rochus O.,44,27,773,1110,2,6,7,6,7,6,,,,,2,1,Completed,2.5,1.5,2.55,1.5,2.6,1.45,3.04,1.446,2.74,1.43
3,Doha,Qatar Exxon Mobil Open,1/2/06,International,Outdoor,Hard,1st Round,3,Haas T.,Wawrinka S.,45,54,755,675,5,7,6,2,7,5,,,,,2,1,Completed,1.28,3.25,1.37,3,1.37,2.92,1.45,3.02,1.43,2.72
3,Doha,Qatar Exxon Mobil Open,1/2/06,International,Outdoor,Hard,1st Round,3,Moodie W.,Mirnyi M.,63,34,583,905,6,4,4,6,7,6,,,,,2,1,Completed,2.25,1.57,2.2,1.65,2.15,1.65,2.2,1.769,2.2,1.64
3,Doha,Qatar Exxon Mobil Open,1/2/06,International,Outdoor,Hard,1st Round,3,Lopez F.,Hanescu V.,33,35,910,856,6,4,7,6,,,,,,,2,0,Completed,1.57,2.25,1.65,2.2,1.7,2.1,1.68,2.37,1.68,2.12
3,Doha,Qatar Exxon Mobil Open,1/2/06,International,Outdoor,Hard,1st Round,3,Henman T.,Gasquet R.,36,16,850,1506,6,4,6,4,,,,,,,2,0,Completed,2.75,1.39,2.2,1.65,2.4,1.53,2.57,1.599,2.32,1.58
3,Doha,Qatar Exxon Mobil Open,1/2/06,International,Outdoor,Hard,1st Round,3,Baghdatis M.,Sultan-Khalfan A.,55,1497,634,N/A,6,1,6,1,,,,,,,2,0,Completed,1.02,11,,,,,1.062,13.11,,
3,Doha,Qatar Exxon Mobil Open,1/2/06,International,Outdoor,Hard,1st Round,3,Monfils G.,Zib T.,30,59,979,611,7,5,6,4,,,,,,,2,0,Completed,1.3,3.2,1.3,3.4,1.3,3.35,1.294,4.1,1.26,3.7
3,Doha,Qatar Exxon Mobil Open,1/3/06,International,Outdoor,Hard,1st Round,3,Santoro F.,Marach O.,58,127,615,350,6,0,2,6,6,4,,,,,2,1,Completed,1.36,2.87,1.45,2.7,1.37,2.92,1.463,2.96,1.38,2.9
3,Doha,Qatar Exxon Mobil Open,1/3/06,International,Outdoor,Hard,1st Round,3,Davydenko N.,Rochus C.,5,41,2390,795,6,3,6,1,,,,,,,2,0,Completed,1.12,5.5,1.15,5.25,1.15,5.2,1.167,6.4,1.17,4.75
3,Doha,Qatar Exxon Mobil Open,1/3/06,International,Outdoor,Hard,1st Round,3,Volandri F.,Mahut N.,38,135,836,309,6,4,6,4,,,,,,,2,0,Completed,1.8,1.9,1.88,1.88,1.85,1.9,2.05,1.87,1.92,1.84
3,Doha,Qatar Exxon Mobil Open,1/3/06,International,Outdoor,Hard,1st Round,3,Vik R.,Pavel A.,61,80,599,500,2,6,7,6,7,6,,,,,2,1,Completed,2.1,1.66,2.05,1.75,2.1,1.7,2.09,1.84,2.05,1.72
3,Doha,Qatar Exxon Mobil Open,1/3/06,International,Outdoor,Hard,1st Round,3,El Aynaoui Y.,Grosjean S.,228,25,158,1135,6,4,6,4,,,,,,,2,0,Completed,4.5,1.16,,,3.75,1.25,5.5,1.2,4.05,1.22
3,Doha,Qatar Exxon Mobil Open,1/3/06,International,Outdoor,Hard,1st Round,3,Starace P.,Andreev I.,105,26,408,1120,7,5,1,6,7,5,,,,,2,1,Completed,4,1.19,3.55,1.28,4.25,1.2,4.6,1.25,3.86,1.24
3,Doha,Qatar Exxon Mobil Open,1/3/06,International,Outdoor,Hard,1st Round,3,Tursunov D.,Tipsarevic J.,60,140,600,299,7,5,6,2,,,,,,,2,0,Completed,1.44,2.62,1.48,2.6,1.4,2.85,1.433,3.11,1.42,2.78
3,Doha,Qatar Exxon Mobil Open,1/3/06,International,Outdoor,Hard,1st Round,3,Federer R.,Minar I.,1,73,6725,518,6,1,6,3,,,,,,,2,0,Completed,1.02,11,1.02,12,1.02,11.5,1.021,34.05,1.02,19
3,Doha,Qatar Exxon Mobil Open,1/4/06,International,Outdoor,Hard,2nd Round,3,Haas T.,Henman T.,45,36,755,850,6,2,7,6,,,,,,,2,0,Completed,2,1.72,2.2,1.65,2.12,1.67,2.44,1.649,2.02,1.75
3,Doha,Qatar Exxon Mobil Open,1/4/06,International,Outdoor,Hard,2nd Round,3,Davydenko N.,Vik R.,5,61,2390,599,6,3,6,4,,,,,,,2,0,Completed,,,,,1.1,6.25,1.143,7.3,,
3,Doha,Qatar Exxon Mobil Open,1/4/06,International,Outdoor,Hard,2nd Round,3,Federer R.,Santoro F.,1,58,6725,615,7,6,7,6,,,,,,,2,0,Completed,1.01,12,1.01,13,1.02,11.5,1.021,32.96,,
3,Doha,Qatar Exxon Mobil Open,1/4/06,International,Outdoor,Hard,2nd Round,3,Baghdatis M.,Lopez F.,55,33,634,910,6,1,3,6,7,5,,,,,2,1,Completed,2.2,1.61,2.15,1.67,1.95,1.8,1.952,1.952,2.02,1.75
3,Doha,Qatar Exxon Mobil Open,1/4/06,International,Outdoor,Hard,2nd Round,3,Youzhny M.,Sanguinetti D.,43,44,775,773,6,2,6,3,,,,,,,2,0,Completed,1.5,2.5,1.45,2.7,1.37,2.92,1.395,3.33,1.42,2.78
3,Doha,Qatar Exxon Mobil Open,1/4/06,International,Outdoor,Hard,2nd Round,3,Volandri F.,Starace P.,38,105,836,408,6,4,6,3,,,,,,,2,0,Completed,1.68,2.02,1.77,2,1.95,1.8,1.775,2.19,1.75,2.02
3,Doha,Qatar Exxon Mobil Open,1/4/06,International,Outdoor,Hard,2nd Round,3,Tursunov D.,El Aynaoui Y.,60,228,600,158,7,6,6,2,,,,,,,2,0,Completed,1.4,2.75,1.4,2.85,1.42,2.75,1.541,2.75,1.42,2.78
3,Doha,Qatar Exxon Mobil Open,1/4/06,International,Outdoor,Hard,2nd Round,3,Monfils G.,Moodie W.,30,63,979,583,7,6,6,4,,,,,,,2,0,Completed,1.39,2.75,1.36,3.05,1.37,2.92,1.513,2.82,1.4,2.84
3,Doha,Qatar Exxon Mobil Open,1/5/06,International,Outdoor,Hard,Quarterfinals,3,Haas T.,Youzhny M.,45,43,755,775,6,4,6,3,,,,,,,2,0,Completed,1.66,2.1,1.77,2,1.75,2,1.752,2.23,1.65,2.18
3,Doha,Qatar Exxon Mobil Open,1/5/06,International,Outdoor,Hard,Quarterfinals,3,Federer R.,Baghdatis M.,1,55,6725,634,6,4,6,3,,,,,,,2,0,Completed,1.03,10,1.02,12,1.03,10.5,1.056,15,1.04,11
3,Doha,Qatar Exxon Mobil Open,1/5/06,International,Outdoor,Hard,Quarterfinals,3,Monfils G.,Tursunov D.,30,60,979,600,6,2,7,6,,,,,,,2,0,Completed,1.66,2.1,1.65,2.2,1.6,2.3,1.671,2.39,1.73,2.05
3,Doha,Qatar Exxon Mobil Open,1/5/06,International,Outdoor,Hard,Quarterfinals,3,Volandri F.,Davydenko N.,38,5,836,2390,6,3,6,4,,,,,,,2,0,Completed,5,1.14,1.65,2.2,5.5,1.13,6.9,1.154,6,1.12
3,Doha,Qatar Exxon Mobil Open,1/6/06,International,Outdoor,Hard,Semifinals,3,Federer R.,Haas T.,1,45,6725,755,6,3,6,3,,,,,,,2,0,Completed,1.04,9,1.04,10,1.05,8.5,1.083,11,1.05,8.5
3,Doha,Qatar Exxon Mobil Open,1/6/06,International,Outdoor,Hard,Semifinals,3,Monfils G.,Volandri F.,30,38,979,836,6,3,6,4,,,,,,,2,0,Completed,1.33,3.25,1.37,3,1.35,3.1,1.431,3.12,1.38,2.9
3,Doha,Qatar Exxon Mobil Open,1/7/06,International,Outdoor,Hard,The Final,3,Federer R.,Monfils G.,1,30,6725,979,6,3,7,6,,,,,,,2,0,Completed,1.03,10,1.04,11,1.05,8.5,1.054,15.5,1.04,11.5
4,Auckland,Heineken Open,1/8/06,International,Outdoor,Hard,1st Round,3,Mayer F.,King-Turner D.,72,673,519,25,6,2,6,2,,,,,,,2,0,Completed,,,,,,,,,,
4,Auckland,Heineken Open,1/9/06,International,Outdoor,Hard,1st Round,3,Murray A.,Carlsen K.,62,61,582,590,7,5,6,2,,,,,,,2,0,Completed,1.36,2.87,1.35,3.2,1.3,3.34,1.321,3.82,1.32,3.25
4,Auckland,Heineken Open,1/9/06,International,Outdoor,Hard,1st Round,3,Wawrinka S.,Zib T.,54,69,665,544,6,3,6,4,,,,,,,2,0,Completed,1.53,2.37,1.48,2.6,1.5,2.45,1.49,2.84,1.47,2.6
4,Auckland,Heineken Open,1/9/06,International,Outdoor,Hard,1st Round,3,Vik R.,Lopez F.,57,34,615,900,7,6,6,1,,,,,,,2,0,Completed,3,1.33,2.85,1.42,2.92,1.37,2.95,1.465,2.92,1.38
4,Auckland,Heineken Open,1/9/06,International,Outdoor,Hard,1st Round,3,Ancic M.,Nielsen M.,21,309,1360,105,6,1,6,2,,,,,,,2,0,Completed,1.05,8,,,1.07,7.19,1.091,10,,
4,Auckland,Heineken Open,1/9/06,International,Outdoor,Hard,1st Round,3,Nieminen J.,Baghdatis M.,29,52,1070,684,6,2,6,2,,,,,,,2,0,Completed,1.83,1.83,1.9,1.9,1.8,1.95,1.971,1.935,1.82,1.94
4,Auckland,Heineken Open,1/9/06,International,Outdoor,Hard,1st Round,3,Rochus O.,Montanes A.,27,71,1090,536,6,2,6,4,,,,,,,2,0,Completed,1.1,6.5,1.11,6.5,1.11,5.84,1.125,8.2,1.12,5.8
4,Auckland,Heineken Open,1/10/06,International,Outdoor,Hard,1st Round,3,Hernych J.,Pavel A.,74,82,515,500,6,1,6,2,,,,,,,2,0,Completed,1.83,1.83,1.9,1.9,1.78,1.97,1.87,2.05,1.84,1.9
4,Auckland,Heineken Open,1/10/06,International,Outdoor,Hard,1st Round,3,Sluiter R.,Bracciali D.,104,83,407,498,6,3,6,4,,,,,,,2,0,Completed,1.57,2.25,1.55,2.45,1.6,2.25,1.61,2.54,1.62,2.22
4,Auckland,Heineken Open,1/10/06,International,Outdoor,Hard,1st Round,3,Martin A.,Ginepri R.,49,16,711,1520,7,6,3,6,6,2,,,,,2,1,Completed,4.5,1.16,4.55,1.2,4.67,1.17,5.15,1.22,4.6,1.18
4,Auckland,Heineken Open,1/10/06,International,Outdoor,Hard,1st Round,3,Goldstein P.,Volandri F.,66,32,564,910,6,0,3,1,,,,,,,1,0,Retired,2.1,1.66,2.05,1.77,2.1,1.7,2.12,1.82,2.05,1.72
4,Auckland,Heineken Open,1/10/06,International,Outdoor,Hard,1st Round,3,Ferrer D.,Luzzi F.,14,176,1620,219,7,5,6,2,,,,,,,2,0,Completed,1.25,3.5,1.3,3.5,1.35,3,1.315,3.87,,
4,Auckland,Heineken Open,1/10/06,International,Outdoor,Hard,1st Round,3,Gonzalez F.,Horna L.,11,85,1790,492,6,3,6,4,,,,,,,2,0,Completed,1.28,3.25,1.28,3.65,1.2,4.25,1.27,4.41,1.27,3.55
4,Auckland,Heineken Open,1/10/06,International,Outdoor,Hard,1st Round,3,Minar I.,Moodie W.,73,59,518,603,2,1,,,,,,,,,0,0,Retired,2.37,1.53,2.4,1.57,2.3,1.6,2.64,1.575,,
4,Auckland,Heineken Open,1/10/06,International,Outdoor,Hard,1st Round,3,Rochus C.,Acasuso J.,44,42,795,803,6,4,6,4,,,,,,,2,0,Completed,2.1,1.66,2.05,1.77,2.17,1.64,2.26,1.735,2.2,1.63
4,Auckland,Heineken Open,1/10/06,International,Outdoor,Hard,1st Round,3,Massu N.,Hrbaty D.,65,15,565,1540,6,2,6,4,,,,,,,2,0,Completed,3.75,1.22,4.25,1.22,3.46,1.28,4.3,1.278,3.45,1.29
4,Auckland,Heineken Open,1/10/06,International,Outdoor,Hard,2nd Round,3,Ferrer D.,Sluiter R.,14,104,1620,407,6,4,6,3,,,,,,,2,0,Completed,1.39,2.75,1.53,2.5,1.55,2.35,1.518,2.79,1.46,2.62
4,Auckland,Heineken Open,1/11/06,International,Outdoor,Hard,2nd Round,3,Nieminen J.,Goldstein P.,29,66,1070,564,6,4,6,3,,,,,,,2,0,Completed,1.28,3.5,1.25,4,1.25,3.9,1.318,3.84,1.25,3.75
4,Auckland,Heineken Open,1/11/06,International,Outdoor,Hard,2nd Round,3,Wawrinka S.,Martin A.,54,49,665,711,6,2,6,2,,,,,,,2,0,Completed,1.61,2.2,1.55,2.45,1.53,2.4,1.581,2.62,1.53,2.42
4,Auckland,Heineken Open,1/11/06,International,Outdoor,Hard,2nd Round,3,Ancic M.,Murray A.,21,62,1360,582,6,3,7,6,,,,,,,2,0,Completed,1.72,2,1.7,2.15,1.78,1.97,1.741,2.25,1.78,1.98
4,Auckland,Heineken Open,1/11/06,International,Outdoor,Hard,2nd Round,3,Rochus O.,Hernych J.,27,74,1090,515,6,1,7,5,,,,,,,2,0,Completed,1.44,2.62,1.48,2.65,1.5,2.45,1.518,2.79,1.5,2.5
4,Auckland,Heineken Open,1/11/06,International,Outdoor,Hard,2nd Round,3,Mayer F.,Vik R.,72,57,519,615,6,2,6,2,,,,,,,2,0,Completed,1.72,2,1.81,2,1.67,2.13,1.847,2.08,1.73,2.05
4,Auckland,Heineken Open,1/11/06,International,Outdoor,Hard,2nd Round,3,Massu N.,Rochus C.,65,44,565,795,6,4,6,2,,,,,,,2,0,Completed,1.5,2.5,1.48,2.65,1.46,2.6,1.524,2.77,1.5,2.5
4,Auckland,Heineken Open,1/11/06,International,Outdoor,Hard,2nd Round,3,Gonzalez F.,Minar I.,11,73,1790,518,6,1,6,4,,,,,,,2,0,Completed,1.19,4.33,1.17,5,1.17,4.67,1.211,5.35,1.18,4.55
4,Auckland,Heineken Open,1/11/06,International,Outdoor,Hard,Quarterfinals,3,Wawrinka S.,Mayer F.,54,72,665,519,6,3,6,4,,,,,,,2,0,Completed,1.83,1.83,1.77,2,1.75,2,1.746,2.24,1.71,2.08
4,Auckland,Heineken Open,1/12/06,International,Outdoor,Hard,Quarterfinals,3,Nieminen J.,Massu N.,29,65,1070,565,6,3,7,6,,,,,,,2,0,Completed,1.53,2.37,1.6,2.35,1.65,2.18,1.562,2.68,1.62,2.24
4,Auckland,Heineken Open,1/12/06,International,Outdoor,Hard,Quarterfinals,3,Ancic M.,Gonzalez F.,21,11,1360,1790,6,0,6,3,,,,,,,2,0,Completed,2.37,1.53,2.35,1.6,2.4,1.53,2.45,1.645,2.33,1.57
4,Auckland,Heineken Open,1/12/06,International,Outdoor,Hard,Quarterfinals,3,Rochus O.,Ferrer D.,27,14,1090,1620,6,2,6,0,,,,,,,2,0,Completed,2,1.72,1.95,1.85,2.1,1.7,1.962,1.943,1.96,1.8
4,Auckland,Heineken Open,1/13/06,International,Outdoor,Hard,Semifinals,3,Ancic M.,Wawrinka S.,21,54,1360,665,6,3,6,1,,,,,,,2,0,Completed,1.33,3.25,1.38,3.05,1.375,2.92,1.383,3.41,1.38,2.95
4,Auckland,Heineken Open,1/13/06,International,Outdoor,Hard,Semifinals,3,Nieminen J.,Rochus O.,29,27,1070,1090,6,4,6,7,7,6,,,,,2,1,Completed,2,1.72,2.1,1.73,1.99,1.76,2.25,1.741,2.06,1.74
4,Auckland,Heineken Open,1/14/06,International,Outdoor,Hard,The Final,3,Nieminen J.,Ancic M.,29,21,1070,1360,6,2,6,2,,,,,,,2,0,Completed,2.62,1.44,2.75,1.45,2.45,1.5,2.99,1.457,2.66,1.47
5,Sydney,Sydney International,1/9/06,International,Outdoor,Hard,1st Round,3,Guccione C.,Ferrero J.C.,154,18,269,1500,4,6,6,3,7,5,,,,,2,1,Completed,3.75,1.22,4,1.25,4.06,1.21,3.9,1.313,3.95,1.23
5,Sydney,Sydney International,1/9/06,International,Outdoor,Hard,1st Round,3,Melzer J.,Chela J.I.,53,46,675,755,6,2,7,6,,,,,,,2,0,Completed,2.1,1.66,2.2,1.67,2.35,1.55,2.24,1.746,2.27,1.6
5,Sydney,Sydney International,1/9/06,International,Outdoor,Hard,1st Round,3,Calleri A.,Mathieu P.H.,51,48,687,713,6,4,6,3,,,,,,,2,0,Completed,2,1.72,1.9,1.9,1.87,1.87,2,1.909,1.9,1.85
5,Sydney,Sydney International,1/9/06,International,Outdoor,Hard,1st Round,3,Karlovic I.,Hanescu V.,67,37,560,856,7,6,3,6,6,3,,,,,2,1,Completed,1.61,2.2,1.57,2.4,1.6,2.3,1.662,2.41,1.54,2.4
5,Sydney,Sydney International,1/9/06,International,Outdoor,Hard,1st Round,3,Hewitt L.,Spadea V.,4,75,2465,515,2,6,7,5,6,3,,,,,2,1,Completed,1.11,6,1.08,7.5,1.07,7.19,1.125,8.2,1.1,6.7
5,Sydney,Sydney International,1/9/06,International,Outdoor,Hard,1st Round,3,Blake J.,Sanguinetti D.,23,45,1230,779,7,6,6,4,,,,,,,2,0,Completed,1.25,3.5,1.28,3.65,1.25,3.75,1.293,4.11,1.3,3.35
5,Sydney,Sydney International,1/9/06,International,Outdoor,Hard,1st Round,3,Clement A.,Dent T.,68,30,558,945,6,1,2,6,6,2,,,,,2,1,Completed,2.87,1.36,3.3,1.33,3.59,1.26,3.56,1.362,2.96,1.37
5,Sydney,Sydney International,1/10/06,International,Outdoor,Hard,1st Round,3,Andreev I.,Gasquet R.,26,17,1120,1511,6,2,6,4,,,,,,,2,0,Completed,2.75,1.39,2.75,1.45,2.6,1.45,2.81,1.498,2.68,1.44
5,Sydney,Sydney International,1/10/06,International,Outdoor,Hard,1st Round,3,Monaco J.,Verdasco F.,86,31,477,925,6,3,6,2,,,,,,,2,0,Completed,2.87,1.36,2.85,1.42,2.92,1.37,3.1,1.435,2.9,1.38
5,Sydney,Sydney International,1/10/06,International,Outdoor,Hard,1st Round,3,Tursunov D.,Robredo T.,55,19,655,1490,7,6,6,3,,,,,,,2,0,Completed,2.2,1.61,2.3,1.62,2.3,1.6,2.38,1.676,2.25,1.61
5,Sydney,Sydney International,1/10/06,International,Outdoor,Hard,1st Round,3,Serra F.,Santoro F.,38,63,856,580,5,7,6,2,6,4,,,,,2,1,Completed,2,1.72,1.9,1.9,1.8,1.95,2.02,1.893,1.96,1.8
5,Sydney,Sydney International,1/10/06,International,Outdoor,Hard,1st Round,3,Seppi A.,Vliegen K.,60,87,597,477,6,3,6,7,6,3,,,,,2,1,Completed,2,1.72,2,1.81,1.87,1.87,2.06,1.862,2,1.77
5,Sydney,Sydney International,1/10/06,International,Outdoor,Hard,1st Round,3,Luczak P.,Malisse X.,144,39,290,836,7,6,7,6,,,,,,,2,0,Completed,3.25,1.28,3.3,1.33,3.22,1.32,3.25,1.408,3,1.36
5,Sydney,Sydney International,1/10/06,International,Outdoor,Hard,1st Round,3,Srichaphan P.,Stepanek R.,50,20,705,1440,6,3,6,4,,,,,,,2,0,Completed,2.75,1.39,2.65,1.48,2.5,1.5,2.7,1.556,2.5,1.5
5,Sydney,Sydney International,1/10/06,International,Outdoor,Hard,1st Round,3,Moya C.,Grosjean S.,35,28,885,1080,5,7,7,5,7,6,,,,,2,1,Completed,1.8,1.9,1.95,1.85,1.95,1.8,2.08,1.847,1.88,1.88
5,Sydney,Sydney International,1/10/06,International,Outdoor,Hard,1st Round,3,Davydenko N.,Berdych T.,6,22,2355,1250,7,6,6,3,,,,,,,2,0,Completed,1.66,2.1,1.72,2.1,1.75,2.05,1.704,2.32,1.8,1.96
5,Sydney,Sydney International,1/11/06,International,Outdoor,Hard,2nd Round,3,Andreev I.,Luczak P.,26,144,1120,290,6,7,7,6,7,6,,,,,2,1,Completed,1.33,3.25,1.4,2.95,1.32,3.22,1.407,3.26,1.34,3.1
5,Sydney,Sydney International,1/11/06,International,Outdoor,Hard,2nd Round,3,Clement A.,Monaco J.,68,86,558,477,7,6,6,3,,,,,,,2,0,Completed,1.5,2.5,1.5,2.6,1.58,2.28,1.559,2.69,,
5,Sydney,Sydney International,1/11/06,International,Outdoor,Hard,2nd Round,3,Blake J.,Moya C.,23,35,1230,885,,,,,,,,,,,,,Walkover,1.57,2.25,1.53,2.5,1.48,2.53,1.617,2.52,1.6,2.28
5,Sydney,Sydney International,1/11/06,International,Outdoor,Hard,2nd Round,3,Tursunov D.,Serra F.,55,38,655,856,7,6,6,2,,,,,,,2,0,Completed,1.9,1.8,1.9,1.9,1.87,1.87,1.909,2,1.86,1.88
5,Sydney,Sydney International,1/11/06,International,Outdoor,Hard,2nd Round,3,Hewitt L.,Melzer J.,4,53,2465,675,6,1,6,4,,,,,,,2,0,Completed,1.22,4,1.2,4.55,1.25,3.75,1.26,4.54,1.22,4.05
5,Sydney,Sydney International,1/11/06,International,Outdoor,Hard,2nd Round,3,Davydenko N.,Calleri A.,6,51,2355,687,6,4,7,6,,,,,,,2,0,Completed,1.33,3.25,1.33,3.3,1.35,3.1,1.365,3.54,1.3,3.35
5,Sydney,Sydney International,1/11/06,International,Outdoor,Hard,2nd Round,3,Seppi A.,Guccione C.,60,154,597,269,7,5,7,6,,,,,,,2,0,Completed,1.53,2.37,1.65,2.25,1.55,2.35,1.676,2.38,1.67,2.14
5,Sydney,Sydney International,1/12/06,International,Outdoor,Hard,2nd Round,3,Andreev I.,Tursunov D.,26,55,1120,655,6,2,3,6,6,4,,,,,2,1,Completed,1.83,1.83,2,1.81,2.1,1.7,2.23,1.752,2.1,1.7
5,Sydney,Sydney International,1/12/06,International,Outdoor,Hard,Quarterfinals,3,Srichaphan P.,Karlovic I.,50,67,705,560,7,6,7,6,,,,,,,2,0,Completed,1.83,1.83,1.85,1.95,1.83,1.91,1.901,2.01,1.9,1.85
5,Sydney,Sydney International,1/12/06,International,Outdoor,Hard,Quarterfinals,3,Blake J.,Clement A.,23,68,1230,558,3,6,6,1,6,4,,,,,2,1,Completed,1.22,4,1.28,3.65,1.28,3.46,1.285,4.21,1.31,3.3
5,Sydney,Sydney International,1/12/06,International,Outdoor,Hard,Quarterfinals,3,Seppi A.,Hewitt L.,60,4,597,2465,4,6,7,5,7,5,,,,,2,1,Completed,6,1.11,5.5,1.15,4.67,1.17,6.5,1.164,4.6,1.18
5,Sydney,Sydney International,1/12/06,International,Outdoor,Hard,Quarterfinals,3,Davydenko N.,Srichaphan P.,6,50,2355,705,,,,,,,,,,,,,Walkover,,,,,,,1.346,3.59,,
5,Sydney,Sydney International,1/13/06,International,Outdoor,Hard,Semifinals,3,Andreev I.,Seppi A.,26,60,1120,597,6,2,2,6,6,2,,,,,2,1,Completed,1.57,2.25,1.62,2.3,1.67,2.12,1.629,2.49,1.66,2.18
5,Sydney,Sydney International,1/13/06,International,Outdoor,Hard,Semifinals,3,Blake J.,Davydenko N.,23,6,1230,2355,6,4,6,2,,,,,,,2,0,Completed,1.72,2,1.73,2.1,1.78,1.97,1.84,2.09,1.82,1.95
5,Sydney,Sydney International,1/14/06,International,Outdoor,Hard,The Final,3,Blake J.,Andreev I.,23,26,1230,1120,6,2,3,6,7,6,,,,,2,1,Completed,1.33,3.25,1.33,3.3,1.4,2.85,1.376,3.46,1.38,2.95
6,Melbourne,Australian Open,1/16/06,Grand Slam,Outdoor,Hard,1st Round,5,Ginepri R.,Melzer J.,18,55,1495,675,6,1,6,4,6,2,,,,,3,0,Completed,1.36,3,1.4,2.95,1.44,2.67,1.392,3.35,1.38,2.92
6,Melbourne,Australian Open,1/16/06,Grand Slam,Outdoor,Hard,1st Round,5,Gaudio G.,Sabau R.,10,107,2050,397,6,2,5,0,,,,,,,1,0,Retired,1.16,4.5,1.16,5.25,1.1,6.23,1.18,6.05,1.15,5
6,Melbourne,Australian Open,1/16/06,Grand Slam,Outdoor,Hard,1st Round,5,Ferrer D.,Serra F.,14,37,1635,863,4,6,6,3,6,1,6,4,,,3,1,Completed,1.8,1.9,1.85,1.95,1.8,1.95,1.893,2.02,1.8,1.95
6,Melbourne,Australian Open,1/16/06,Grand Slam,Outdoor,Hard,1st Round,5,Burgsmuller L.,Schuettler R.,143,87,295,463,3,6,6,3,7,6,6,3,,,3,1,Completed,2.25,1.57,2.25,1.65,2.28,1.58,2.31,1.709,2.32,1.58
6,Melbourne,Australian Open,1/16/06,Grand Slam,Outdoor,Hard,1st Round,5,Bracciali D.,Lu Y.H.,80,161,498,256,6,1,7,6,6,2,,,,,3,0,Completed,1.72,2,1.75,2.05,1.76,1.99,1.847,2.08,1.75,2
6,Melbourne,Australian Open,1/16/06,Grand Slam,Outdoor,Hard,1st Round,5,Hernych J.,Vicente F.,90,106,455,400,2,6,6,3,7,6,6,2,,,3,1,Completed,1.22,4,1.25,4,1.2,4.45,1.25,4.6,1.2,4.2
6,Melbourne,Australian Open,1/16/06,Grand Slam,Outdoor,Hard,1st Round,5,Stepanek R.,Rehnquist B.,20,368,1440,83,6,1,6,2,6,2,,,,,3,0,Completed,1.07,7,1.14,5.75,1.11,5.84,1.163,6.52,1.1,6.3
6,Melbourne,Australian Open,1/16/06,Grand Slam,Outdoor,Hard,1st Round,5,Gremelmayr D.,Bjorkman J.,177,66,218,578,3,6,6,2,6,0,6,1,,,3,1,Completed,3.75,1.25,3.65,1.28,4.06,1.21,4.09,1.295,4.1,1.21
6,Melbourne,Australian Open,1/16/06,Grand Slam,Outdoor,Hard,1st Round,5,Nalbandian D.,Udomchoke D.,4,121,2370,370,6,2,6,2,1,6,6,7,6,1,3,2,Completed,1.04,9,1.06,9,1.04,9.35,1.056,15,1.06,8
6,Melbourne,Australian Open,1/16/06,Grand Slam,Outdoor,Hard,1st Round,5,Wawrinka S.,Montanes A.,46,72,735,536,4,6,6,2,6,3,6,0,,,3,1,Completed,1.11,6,1.1,7,1.1,6.75,1.128,8,1.07,7.6
6,Melbourne,Australian Open,1/16/06,Grand Slam,Outdoor,Hard,1st Round,5,Baghdatis M.,Gimelstob J.,54,115,684,383,7,6,7,5,6,0,,,,,3,0,Completed,1.36,3,1.35,3.2,1.32,3.22,1.332,3.71,1.35,3.05
6,Melbourne,Australian Open,1/16/06,Grand Slam,Outdoor,Hard,1st Round,5,Nieminen J.,Kimmich M.,24,313,1230,103,6,2,6,3,6,1,,,,,3,0,Completed,1.05,8.5,1.05,10,1.06,7.79,1.057,14.98,1.05,9
6,Melbourne,Australian Open,1/16/06,Grand Slam,Outdoor,Hard,1st Round,5,Ancic M.,Calleri A.,21,52,1390,692,6,4,4,6,6,3,6,4,,,3,1,Completed,1.28,3.5,1.35,3.2,1.32,3.22,1.328,3.75,1.34,3.1
6,Melbourne,Australian Open,1/16/06,Grand Slam,Outdoor,Hard,1st Round,5,Pavel A.,Moya C.,82,35,485,885,6,4,7,6,4,6,3,6,6,4,3,2,Completed,3.75,1.25,4.55,1.2,4.45,1.2,5.21,1.217,4.15,1.21
6,Melbourne,Australian Open,1/16/06,Grand Slam,Outdoor,Hard,1st Round,5,Wang Y.T.,Zabaleta M.,98,83,423,481,6,2,7,5,4,1,,,,,2,0,Retired,1.57,2.25,1.62,2.3,1.75,2,1.763,2.21,,
6,Melbourne,Australian Open,1/16/06,Grand Slam,Outdoor,Hard,1st Round,5,Moodie W.,Hernandez O.,60,113,603,385,3,6,7,6,6,4,6,2,,,3,1,Completed,1.07,7.5,1.08,8,1.06,7.79,1.119,8.6,1.06,8
6,Melbourne,Australian Open,1/16/06,Grand Slam,Outdoor,Hard,1st Round,5,Faurel J.C.,Waske A.,203,122,183,368,7,6,6,3,7,6,,,,,3,0,Completed,2.62,1.44,2.45,1.55,2.45,1.5,2.56,1.602,2.44,1.52
6,Melbourne,Australian Open,1/16/06,Grand Slam,Outdoor,Hard,1st Round,5,Garcia-Lopez G.,Dent T.,110,31,393,920,7,6,6,3,7,6,,,,,3,0,Completed,5,1.14,5.5,1.15,4.45,1.18,5.51,1.2,4.7,1.17
6,Melbourne,Australian Open,1/16/06,Grand Slam,Outdoor,Hard,1st Round,5,Kohlschreiber P.,Dlouhy L.,79,96,500,428,7,5,6,2,6,4,,,,,3,0,Completed,1.44,2.62,1.45,2.75,1.42,2.75,1.437,3.09,1.44,2.66
6,Melbourne,Australian Open,1/16/06,Grand Slam,Outdoor,Hard,1st Round,5,Ljubicic I.,Guccione C.,8,148,2180,283,7,6,6,4,7,6,,,,,3,0,Completed,1.08,7,1.08,8,1.1,6.75,1.071,12,1.07,7.5
6,Melbourne,Australian Open,1/16/06,Grand Slam,Outdoor,Hard,1st Round,5,Berdych T.,Reynolds B.,23,92,1250,442,7,5,6,3,6,7,6,1,,,3,1,Completed,1.11,6,1.08,8,1.1,6.75,1.111,8.75,1.1,6.4
6,Melbourne,Australian Open,1/16/06,Grand Slam,Outdoor,Hard,1st Round,5,Lopez F.,Behrend T.,33,88,900,461,6,2,7,5,6,3,,,,,3,0,Completed,1.1,6.5,1.1,7,1.1,6.75,1.138,7.6,1.1,6.2
6,Melbourne,Australian Open,1/16/06,Grand Slam,Outdoor,Hard,1st Round,5,Santoro F.,Spadea V.,65,73,580,515,3,6,6,0,6,2,6,3,,,3,1,Completed,1.61,2.2,1.65,2.25,1.6,2.3,1.621,2.51,1.58,2.28
6,Melbourne,Australian Open,1/16/06,Grand Slam,Outdoor,Hard,1st Round,5,Benneteau J.,Daniel M.,162,95,255,429,6,2,6,1,3,0,,,,,2,0,Retired,1.39,2.75,1.36,3.15,1.3,3.35,1.437,3.09,1.36,3
6,Melbourne,Australian Open,1/16/06,Grand Slam,Outdoor,Hard,1st Round,5,Robredo T.,Vanek J.,19,97,1490,425,6,4,7,6,6,3,,,,,3,0,Completed,1.12,5.5,1.13,6,1.1,6.75,1.133,7.8,1.14,5.25
6,Melbourne,Australian Open,1/16/06,Grand Slam,Outdoor,Hard,1st Round,5,Simon G.,Massu N.,123,61,365,600,7,6,6,2,3,6,4,6,6,3,3,2,Completed,2.87,1.39,2.75,1.45,2.85,1.4,2.7,1.556,2.7,1.44
6,Melbourne,Australian Open,1/16/06,Grand Slam,Outdoor,Hard,1st Round,5,Blake J.,Acasuso J.,22,45,1390,768,6,2,6,3,4,6,7,6,,,3,1,Completed,1.08,7,1.08,8,1.07,7.19,1.111,8.75,1.12,5.75
6,Melbourne,Australian Open,1/16/06,Grand Slam,Outdoor,Hard,1st Round,5,Malisse X.,Youzhny M.,39,42,836,795,7,5,5,7,6,4,6,2,,,3,1,Completed,1.8,1.9,1.77,2.05,1.8,1.95,1.787,2.17,1.75,2
6,Melbourne,Australian Open,1/16/06,Grand Slam,Outdoor,Hard,1st Round,5,Johansson T.,Saulnier C.,13,89,1645,460,6,1,7,6,6,4,,,,,3,0,Completed,1.16,4.5,1.18,4.85,1.15,4.92,1.172,6.31,1.21,4.1
6,Melbourne,Australian Open,1/16/06,Grand Slam,Outdoor,Hard,1st Round,5,Tursunov D.,Henman T.,53,36,690,870,5,7,6,3,6,4,7,5,,,3,1,Completed,1.83,1.83,1.85,1.95,1.8,1.95,1.769,2.2,1.75,2.02
6,Melbourne,Australian Open,1/16/06,Grand Slam,Outdoor,Hard,1st Round,5,Muller G.,Mello R.,71,131,538,323,5,7,6,2,6,7,7,6,6,0,3,2,Completed,1.28,3.5,1.28,3.65,1.23,3.89,1.321,3.82,1.28,3.5
6,Melbourne,Australian Open,1/16/06,Grand Slam,Outdoor,Hard,1st Round,5,Roddick A.,Lammer M.,3,220,3085,163,6,4,6,2,6,2,,,,,3,0,Completed,1.01,15,1.02,14,1.02,25,1.016,43.5,1.01,30
6,Melbourne,Australian Open,1/17/06,Grand Slam,Outdoor,Hard,1st Round,5,Federer R.,Istomin D.,1,195,6725,198,6,2,6,3,6,2,,,,,3,0,Completed,1,2.1,1.01,16,1.01,33,1.01,81,1.01,30
6,Melbourne,Australian Open,1/17/06,Grand Slam,Outdoor,Hard,1st Round,5,Coria G.,Hanescu V.,9,38,2175,856,6,4,1,6,4,6,6,2,6,1,3,2,Completed,1.22,4,1.22,4.25,1.2,4.45,1.224,5.06,1.22,4
6,Melbourne,Australian Open,1/17/06,Grand Slam,Outdoor,Hard,1st Round,5,Horna L.,Monfils G.,81,27,492,1129,6,4,7,5,6,1,,,,,3,0,Completed,4.5,1.16,4.25,1.22,4.25,1.2,4.55,1.26,4.25,1.2
6,Melbourne,Australian Open,1/17/06,Grand Slam,Outdoor,Hard,1st Round,5,Hrbaty D.,Marach O.,15,125,1540,360,3,6,4,6,6,2,6,1,6,3,3,2,Completed,1.07,7.5,1.1,7,1.07,7.19,1.14,7.45,1.08,7
6,Melbourne,Australian Open,1/17/06,Grand Slam,Outdoor,Hard,1st Round,5,Luzzi F.,Marin J.A.,186,108,209,395,6,1,6,4,7,5,,,,,3,0,Completed,,,,,,,,,,
6,Melbourne,Australian Open,1/17/06,Grand Slam,Outdoor,Hard,1st Round,5,Goldstein P.,Djokovic N.,68,76,567,502,6,2,1,6,6,3,6,2,,,3,1,Completed,2.75,1.39,3.1,1.36,2.83,1.39,3.35,1.392,3.1,1.34
6,Melbourne,Australian Open,1/17/06,Grand Slam,Outdoor,Hard,1st Round,5,Luczak P.,Minar I.,139,102,304,413,7,6,7,6,6,4,,,,,3,0,Completed,1.57,2.25,1.6,2.35,1.5,2.45,1.617,2.52,1.53,2.42
6,Melbourne,Australian Open,1/17/06,Grand Slam,Outdoor,Hard,1st Round,5,Norman D.,Fleishman Z.,104,236,404,150,6,4,7,6,5,7,0,6,6,3,3,2,Completed,1.72,2,1.95,1.85,1.87,1.87,1.917,1.99,,
6,Melbourne,Australian Open,1/17/06,Grand Slam,Outdoor,Hard,1st Round,5,Rochus O.,Llodra M.,29,141,1045,298,6,4,6,2,6,2,,,,,3,0,Completed,1.16,4.5,1.17,5,1.17,4.67,1.184,5.94,1.15,5
6,Melbourne,Australian Open,1/17/06,Grand Slam,Outdoor,Hard,1st Round,5,Phau B.,Berlocq C.,91,75,454,504,6,4,7,6,2,6,7,6,,,3,1,Completed,1.3,3.39,1.33,3.3,1.35,3.1,1.351,3.65,1.34,3.1
6,Melbourne,Australian Open,1/17/06,Grand Slam,Outdoor,Hard,1st Round,5,Kim K.,Levy H.,99,218,416,165,6,4,6,4,6,0,,,,,3,0,Completed,1.9,1.8,2.05,1.77,2.05,1.75,2.01,1.901,1.98,1.78
6,Melbourne,Australian Open,1/17/06,Grand Slam,Outdoor,Hard,1st Round,5,Healey N.,Volandri F.,240,32,148,910,6,2,6,3,,,,,,,2,0,Retired,3.5,1.28,3.5,1.3,3.34,1.3,4.22,1.284,3.6,1.26
6,Melbourne,Australian Open,1/17/06,Grand Slam,Outdoor,Hard,1st Round,5,Haas T.,Gasquet R.,41,16,825,1511,6,2,7,5,6,2,,,,,3,0,Completed,1.44,2.62,1.45,2.75,1.48,2.53,1.485,2.86,1.41,2.8
6,Melbourne,Australian Open,1/17/06,Grand Slam,Outdoor,Hard,1st Round,5,Davydenko N.,Karlovic I.,5,67,2355,575,7,5,4,6,3,6,7,5,6,3,3,2,Completed,1.33,3,1.33,3.3,1.28,3.46,1.331,3.72,1.33,3.2
6,Melbourne,Australian Open,1/17/06,Grand Slam,Outdoor,Hard,1st Round,5,Andreev I.,Almagro N.,26,111,1215,392,7,5,6,4,6,3,,,,,3,0,Completed,1.19,4.33,1.17,5,1.2,4.25,1.22,5.14,1.16,4.85
6,Melbourne,Australian Open,1/17/06,Grand Slam,Outdoor,Hard,1st Round,5,Pashanski B.,Arthurs W.,77,100,502,416,6,3,6,4,4,6,7,6,,,3,1,Completed,2.62,1.44,,,2.25,1.6,2.59,1.592,2.3,1.58
6,Melbourne,Australian Open,1/17/06,Grand Slam,Outdoor,Hard,1st Round,5,Monaco J.,Lisnard J.R.,85,109,477,393,4,6,6,2,6,4,6,3,,,3,1,Completed,1.5,2.5,1.45,2.75,1.5,2.45,1.478,2.89,1.46,2.6
6,Melbourne,Australian Open,1/17/06,Grand Slam,Outdoor,Hard,1st Round,5,Chela J.I.,Murray A.,51,62,695,593,6,1,6,3,6,3,,,,,3,0,Completed,2.37,1.53,2.5,1.53,2.3,1.6,2.7,1.556,2.35,1.55
6,Melbourne,Australian Open,1/17/06,Grand Slam,Outdoor,Hard,1st Round,5,Hewitt L.,Vik R.,6,58,2330,612,6,4,2,6,5,7,7,6,6,3,3,2,Completed,1.07,7.5,1.05,10,1.06,7.79,1.083,11,1.06,7.8
6,Melbourne,Australian Open,1/17/06,Grand Slam,Outdoor,Hard,1st Round,5,Delic A.,Starace P.,173,105,224,403,7,5,6,7,6,3,3,6,6,3,3,2,Completed,2.2,1.61,2.5,1.53,2.25,1.6,2.65,1.571,2.32,1.57
6,Melbourne,Australian Open,1/17/06,Grand Slam,Outdoor,Hard,1st Round,5,Mayer F.,Lee H.T.,69,112,544,386,6,4,6,1,4,6,6,4,,,3,1,Completed,1.44,2.62,1.45,2.75,1.4,2.85,1.474,2.91,1.4,2.85
6,Melbourne,Australian Open,1/17/06,Grand Slam,Outdoor,Hard,1st Round,5,Vliegen K.,Rochus C.,84,43,481,795,6,3,6,1,6,4,,,,,3,0,Completed,1.5,2.5,1.53,2.5,1.45,2.6,1.581,2.62,1.5,2.5
6,Melbourne,Australian Open,1/17/06,Grand Slam,Outdoor,Hard,1st Round,5,Kiefer N.,Srichaphan P.,25,50,1215,705,6,7,4,6,7,6,6,1,6,2,3,2,Completed,1.53,2.37,1.48,2.65,1.46,2.6,1.541,2.75,1.58,2.3
6,Melbourne,Australian Open,1/17/06,Grand Slam,Outdoor,Hard,1st Round,5,Tipsarevic J.,Seppi A.,137,56,309,672,1,6,6,4,4,6,6,2,6,4,3,2,Completed,3,1.36,3.1,1.37,2.92,1.37,3.41,1.383,3.1,1.34
6,Melbourne,Australian Open,1/17/06,Grand Slam,Outdoor,Hard,1st Round,5,Mirnyi M.,Ascione T.,34,93,890,440,6,3,3,6,6,1,6,7,6,0,3,2,Completed,1.28,3.5,1.33,3.3,1.34,3.12,1.365,3.54,1.25,3.7
6,Melbourne,Australian Open,1/17/06,Grand Slam,Outdoor,Hard,1st Round,5,Sanguinetti D.,Adaktusson J.,44,265,779,133,7,6,6,3,6,2,,,,,3,0,Completed,1.16,4.5,1.22,4.25,1.13,5.5,1.236,4.84,1.18,4.55
6,Melbourne,Australian Open,1/17/06,Grand Slam,Outdoor,Hard,1st Round,5,Mathieu P.H.,Clement A.,48,64,713,583,6,3,7,6,6,3,,,,,3,0,Completed,2,1.72,2.2,1.67,2.15,1.65,2.22,1.758,2.05,1.7
6,Melbourne,Australian Open,1/17/06,Grand Slam,Outdoor,Hard,1st Round,5,Bogomolov A.,Gonzalez F.,202,12,184,1655,4,6,7,6,6,3,6,7,7,5,3,2,Completed,7,1.08,6.65,1.11,5.2,1.15,6.59,1.162,7.2,1.08
6,Melbourne,Australian Open,1/17/06,Grand Slam,Outdoor,Hard,1st Round,5,Sluiter R.,Snobel P.,103,217,407,167,6,4,2,6,6,2,6,4,,,3,1,Completed,1.44,2.75,1.45,2.75,1.4,2.85,1.446,3.04,1.42,2.75
6,Melbourne,Australian Open,1/17/06,Grand Slam,Outdoor,Hard,1st Round,5,Verdasco F.,Carlsen K.,30,63,925,590,7,6,6,4,6,4,,,,,3,0,Completed,1.28,3.5,1.35,3.2,1.34,3.12,1.294,4.1,1.32,3.2
6,Melbourne,Australian Open,1/17/06,Grand Slam,Outdoor,Hard,1st Round,5,Ferrero J.C.,Zib T.,17,70,1500,544,7,5,6,0,6,2,,,,,3,0,Completed,1.19,4.33,1.22,4.25,1.17,4.67,1.271,4.39,1.18,4.5
6,Melbourne,Australian Open,1/17/06,Grand Slam,Outdoor,Hard,1st Round,5,Grosjean S.,Philippoussis M.,28,165,1080,243,6,4,6,2,6,3,,,,,3,0,Completed,1.36,3,1.37,3.1,1.4,2.85,1.429,3.13,1.32,3.22
6,Melbourne,Australian Open,1/18/06,Grand Slam,Outdoor,Hard,2nd Round,5,Ljubicic I.,Kohlschreiber P.,8,79,2180,500,7,5,6,2,6,1,,,,,3,0,Completed,1.11,6,1.12,6.25,1.17,4.67,1.148,7.15,1.15,5
6,Melbourne,Australian Open,1/18/06,Grand Slam,Outdoor,Hard,2nd Round,5,Gremelmayr D.,Ginepri R.,177,18,218,1495,2,6,5,7,6,4,6,3,6,3,3,2,Completed,7.5,1.07,8,1.08,6.75,1.1,8.55,1.12,8,1.07
6,Melbourne,Australian Open,1/18/06,Grand Slam,Outdoor,Hard,2nd Round,5,Baghdatis M.,Stepanek R.,54,20,684,1440,6,4,6,3,3,6,0,6,7,5,3,2,Completed,2.37,1.53,2.3,1.62,2.4,1.53,2.42,1.658,2.18,1.64
6,Melbourne,Australian Open,1/18/06,Grand Slam,Outdoor,Hard,2nd Round,5,Gaudio G.,Burgsmuller L.,10,143,2050,295,6,3,6,2,6,3,,,,,3,0,Completed,1.22,4,1.22,4.25,1.21,4.06,1.273,4.36,1.2,4.25
6,Melbourne,Australian Open,1/18/06,Grand Slam,Outdoor,Hard,2nd Round,5,Ferrer D.,Bracciali D.,14,80,1635,498,6,4,6,4,6,7,6,2,,,3,1,Completed,1.28,3.5,1.28,3.65,1.25,3.9,1.313,3.9,1.26,3.65
6,Melbourne,Australian Open,1/18/06,Grand Slam,Outdoor,Hard,2nd Round,5,Santoro F.,Pavel A.,65,82,580,485,6,4,6,1,6,4,,,,,3,0,Completed,1.57,2.25,1.55,2.45,1.55,2.35,1.565,2.67,1.53,2.45
6,Melbourne,Australian Open,1/18/06,Grand Slam,Outdoor,Hard,2nd Round,5,Benneteau J.,Garcia-Lopez G.,162,110,255,393,6,4,7,6,6,1,,,,,3,0,Completed,2.5,1.5,2.3,1.62,2.15,1.65,2.51,1.621,2.3,1.57
6,Melbourne,Australian Open,1/18/06,Grand Slam,Outdoor,Hard,2nd Round,5,Ancic M.,Hernych J.,21,90,1390,455,6,1,6,4,6,4,,,,,3,0,Completed,1.19,4.33,1.22,4.25,1.17,4.67,1.247,4.65,1.18,4.5
6,Melbourne,Australian Open,1/18/06,Grand Slam,Outdoor,Hard,2nd Round,5,Nieminen J.,Wang Y.T.,24,98,1230,423,6,2,7,6,6,2,,,,,3,0,Completed,1.12,5.5,1.13,6,1.11,5.84,1.163,6.53,1.14,5.3
6,Melbourne,Australian Open,1/18/06,Grand Slam,Outdoor,Hard,2nd Round,5,Lopez F.,Muller G.,33,71,900,538,6,2,6,4,6,7,6,4,,,3,1,Completed,1.53,2.37,1.53,2.5,1.5,2.45,1.549,2.72,1.5,2.5
6,Melbourne,Australian Open,1/18/06,Grand Slam,Outdoor,Hard,2nd Round,5,Blake J.,Faurel J.C.,22,203,1390,183,2,6,6,1,6,4,6,3,,,3,1,Completed,1.06,8,1.08,8,1.04,9.25,1.08,11,1.04,10
6,Melbourne,Australian Open,1/18/06,Grand Slam,Outdoor,Hard,2nd Round,5,Roddick A.,Moodie W.,3,60,3085,603,7,5,6,3,6,2,,,,,3,0,Completed,1.06,8,1.05,10,1.04,9.25,1.08,11.25,1.04,10
6,Melbourne,Australian Open,1/18/06,Grand Slam,Outdoor,Hard,2nd Round,5,Simon G.,Berdych T.,123,23,365,1250,6,3,6,2,4,6,6,2,,,3,1,Completed,5,1.14,5.25,1.16,5.2,1.15,6.4,1.167,5.25,1.14
6,Melbourne,Australian Open,1/18/06,Grand Slam,Outdoor,Hard,2nd Round,5,Robredo T.,Tursunov D.,19,53,1490,690,7,6,3,6,7,6,6,3,,,3,1,Completed,2,1.72,2.05,1.77,1.95,1.8,2.01,1.901,1.95,1.8
6,Melbourne,Australian Open,1/18/06,Grand Slam,Outdoor,Hard,2nd Round,5,Johansson T.,Malisse X.,13,39,1645,836,6,3,3,6,7,5,4,6,6,3,3,2,Completed,1.66,2.1,1.67,2.2,1.7,2.1,1.694,2.34,1.7,2.1
6,Melbourne,Australian Open,1/18/06,Grand Slam,Outdoor,Hard,2nd Round,5,Nalbandian D.,Wawrinka S.,4,46,2370,735,6,4,3,6,6,4,6,2,,,3,1,Completed,1.19,4.33,1.22,4.25,1.25,3.74,1.279,4.28,1.25,3.75
6,Melbourne,Australian Open,1/19/06,Grand Slam,Outdoor,Hard,2nd Round,5,Luczak P.,Rochus O.,139,29,304,1045,6,7,6,4,6,1,6,7,6,1,3,2,Completed,4,1.22,4.25,1.22,3.6,1.25,4.97,1.229,4,1.22
6,Melbourne,Australian Open,1/19/06,Grand Slam,Outdoor,Hard,2nd Round,5,Davydenko N.,Kim K.,5,99,2355,416,4,6,6,0,6,3,6,2,,,3,1,Completed,1.08,7,1.1,7,1.11,5.84,1.123,8.36,1.12,5.7
6,Melbourne,Australian Open,1/19/06,Grand Slam,Outdoor,Hard,2nd Round,5,Vliegen K.,Verdasco F.,84,30,481,925,3,6,6,2,7,6,7,5,,,3,1,Completed,2.1,1.66,2,1.81,2.12,1.67,2.16,1.794,2.05,1.74
6,Melbourne,Australian Open,1/19/06,Grand Slam,Outdoor,Hard,2nd Round,5,Mirnyi M.,Sanguinetti D.,34,44,890,779,7,5,6,3,4,6,7,6,,,3,1,Completed,1.61,2.2,1.7,2.15,1.73,2.03,1.82,2.12,1.76,2.02
6,Melbourne,Australian Open,1/19/06,Grand Slam,Outdoor,Hard,2nd Round,5,Andreev I.,Sluiter R.,26,103,1215,407,3,6,6,3,7,6,2,6,6,2,3,2,Completed,1.22,4,1.25,4,1.3,3.35,1.25,4.6,1.24,3.8
6,Melbourne,Australian Open,1/19/06,Grand Slam,Outdoor,Hard,2nd Round,5,Coria G.,Luzzi F.,9,186,2175,209,7,6,6,4,6,3,,,,,3,0,Completed,1.12,5.5,1.15,5.25,1.1,6.5,1.193,5.69,1.15,5
6,Melbourne,Australian Open,1/19/06,Grand Slam,Outdoor,Hard,2nd Round,5,Hrbaty D.,Norman D.,15,104,1540,404,6,2,7,5,5,7,4,6,10,8,3,2,Completed,1.1,6.5,1.1,7,1.1,6.23,1.13,8,1.12,5.7
6,Melbourne,Australian Open,1/19/06,Grand Slam,Outdoor,Hard,2nd Round,5,Federer R.,Mayer F.,1,69,6725,544,6,1,6,4,6,0,,,,,3,0,Completed,1.01,12,1.02,14,1.02,25,1.019,33.5,1.02,20
6,Melbourne,Australian Open,1/19/06,Grand Slam,Outdoor,Hard,2nd Round,5,Grosjean S.,Monaco J.,28,85,1080,477,6,4,6,3,6,3,,,,,3,0,Completed,1.14,5,1.14,5.65,1.1,6.75,1.144,7.25,1.12,5.8
6,Melbourne,Australian Open,1/19/06,Grand Slam,Outdoor,Hard,2nd Round,5,Kiefer N.,Pashanski B.,25,77,1215,502,4,6,6,1,6,4,6,1,,,3,1,Completed,1.14,5,1.11,6.5,1.1,6.25,1.154,6.88,1.07,7.5
6,Melbourne,Australian Open,1/19/06,Grand Slam,Outdoor,Hard,2nd Round,5,Horna L.,Phau B.,81,91,492,454,6,3,6,2,6,1,,,,,3,0,Completed,1.53,2.37,1.6,2.35,1.53,2.4,1.602,2.56,1.55,2.35
6,Melbourne,Australian Open,1/19/06,Grand Slam,Outdoor,Hard,2nd Round,5,Healey N.,Delic A.,240,173,148,224,6,4,6,7,6,3,6,4,,,3,1,Completed,2.2,1.61,2.25,1.63,2.3,1.6,2.36,1.685,2.32,1.57
6,Melbourne,Australian Open,1/19/06,Grand Slam,Outdoor,Hard,2nd Round,5,Ferrero J.C.,Tipsarevic J.,17,137,1500,309,6,3,3,6,5,7,6,3,6,2,3,2,Completed,1.22,4,1.2,4.55,1.21,4.06,1.208,5.41,1.19,4.2
6,Melbourne,Australian Open,1/19/06,Grand Slam,Outdoor,Hard,2nd Round,5,Mathieu P.H.,Bogomolov A.,48,202,713,184,6,0,7,6,6,2,,,,,3,0,Completed,1.39,2.75,1.4,2.95,1.42,2.75,1.418,3.19,1.38,2.9
6,Melbourne,Australian Open,1/19/06,Grand Slam,Outdoor,Hard,2nd Round,5,Haas T.,Goldstein P.,41,68,825,567,6,0,6,1,6,2,,,,,3,0,Completed,1.1,6.5,1.1,7,1.1,6.75,1.109,8.94,1.1,6.5
6,Melbourne,Australian Open,1/19/06,Grand Slam,Outdoor,Hard,2nd Round,5,Chela J.I.,Hewitt L.,51,6,695,2330,6,4,6,4,6,7,6,2,,,3,1,Completed,3.25,1.33,2.95,1.4,2.71,1.43,3.16,1.424,2.75,1.45
6,Melbourne,Australian Open,1/20/06,Grand Slam,Outdoor,Hard,3rd Round,5,Santoro F.,Gaudio G.,65,10,580,2050,6,3,6,2,5,7,1,6,6,4,3,2,Completed,2.37,1.53,2.5,1.53,2.4,1.53,2.64,1.575,2.38,1.55
6,Melbourne,Australian Open,1/20/06,Grand Slam,Outdoor,Hard,3rd Round,5,Ferrer D.,Ancic M.,14,21,1635,1390,6,3,6,3,6,3,,,,,3,0,Completed,2.75,1.39,2.6,1.5,2.6,1.45,2.76,1.538,2.75,1.42
6,Melbourne,Australian Open,1/20/06,Grand Slam,Outdoor,Hard,3rd Round,5,Baghdatis M.,Gremelmayr D.,54,177,684,218,6,2,6,1,6,2,,,,,3,0,Completed,1.25,3.75,1.35,3.2,1.28,3.46,1.37,3.5,1.27,3.6
6,Melbourne,Australian Open,1/20/06,Grand Slam,Outdoor,Hard,3rd Round,5,Roddick A.,Benneteau J.,3,162,3085,255,6,1,6,2,6,2,,,,,3,0,Completed,1.03,11,1.03,12,1.07,7.19,1.059,15,1.07,7.8
6,Melbourne,Australian Open,1/20/06,Grand Slam,Outdoor,Hard,3rd Round,5,Nalbandian D.,Nieminen J.,4,24,2370,1230,2,6,6,3,6,2,7,5,,,3,1,Completed,1.44,2.62,1.5,2.6,1.41,2.76,1.524,2.78,1.48,2.58
6,Melbourne,Australian Open,1/20/06,Grand Slam,Outdoor,Hard,3rd Round,5,Johansson T.,Simon G.,13,123,1645,365,6,3,6,2,6,1,,,,,3,0,Completed,1.33,3.25,1.35,3.2,1.28,3.45,1.388,3.38,1.32,3.25
6,Melbourne,Australian Open,1/20/06,Grand Slam,Outdoor,Hard,3rd Round,5,Ljubicic I.,Lopez F.,8,33,2180,900,7,5,7,6,6,0,,,,,3,0,Completed,1.25,3.75,1.33,3.3,1.28,3.46,1.35,3.66,1.3,3.35
6,Melbourne,Australian Open,1/20/06,Grand Slam,Outdoor,Hard,3rd Round,5,Robredo T.,Blake J.,19,22,1490,1390,6,3,6,4,6,4,,,,,3,0,Completed,3.25,1.33,3.2,1.35,3.1,1.35,3.15,1.426,3.1,1.37
6,Melbourne,Australian Open,1/21/06,Grand Slam,Outdoor,Hard,3rd Round,5,Mathieu P.H.,Horna L.,48,81,713,492,7,6,7,6,6,1,,,,,3,0,Completed,1.61,2.2,1.73,2.1,1.75,2,1.833,2.1,1.73,2.05
6,Melbourne,Australian Open,1/21/06,Grand Slam,Outdoor,Hard,3rd Round,5,Grosjean S.,Coria G.,28,9,1080,2175,6,2,6,2,3,6,6,4,,,3,1,Completed,1.61,2.2,1.6,2.35,1.55,2.35,1.694,2.34,1.52,2.45
6,Melbourne,Australian Open,1/21/06,Grand Slam,Outdoor,Hard,3rd Round,5,Hrbaty D.,Andreev I.,15,26,1540,1215,1,6,6,4,6,3,2,6,6,4,3,2,Completed,1.83,1.83,1.95,1.85,2.05,1.75,2.12,1.82,2,1.77
6,Melbourne,Australian Open,1/21/06,Grand Slam,Outdoor,Hard,3rd Round,5,Chela J.I.,Vliegen K.,51,84,695,481,6,1,6,4,6,4,,,,,3,0,Completed,1.44,2.62,1.45,2.75,1.5,2.45,1.457,2.99,1.5,2.5
6,Melbourne,Australian Open,1/21/06,Grand Slam,Outdoor,Hard,3rd Round,5,Haas T.,Luczak P.,41,139,825,304,4,6,6,3,6,4,6,4,,,3,1,Completed,1.11,6,1.13,6,1.09,6.99,1.134,7.79,1.12,6
6,Melbourne,Australian Open,1/21/06,Grand Slam,Outdoor,Hard,3rd Round,5,Kiefer N.,Ferrero J.C.,25,17,1215,1500,6,3,6,2,5,7,6,2,,,3,1,Completed,1.9,1.8,1.95,1.85,2.05,1.75,2.07,1.855,2.1,1.7
6,Melbourne,Australian Open,1/21/06,Grand Slam,Outdoor,Hard,3rd Round,5,Davydenko N.,Healey N.,5,240,2355,148,6,2,5,7,6,4,7,5,,,3,1,Completed,1.06,8,1.06,9,1.07,7.19,1.078,11.25,1.07,8
6,Melbourne,Australian Open,1/21/06,Grand Slam,Outdoor,Hard,3rd Round,5,Federer R.,Mirnyi M.,1,34,6725,890,6,3,6,4,6,3,,,,,3,0,Completed,1.01,13,1.03,12,1.03,18.67,1.039,19.8,1.02,20
6,Melbourne,Australian Open,1/22/06,Grand Slam,Outdoor,Hard,4th Round,5,Baghdatis M.,Roddick A.,54,3,684,3085,6,4,1,6,6,3,6,4,,,3,1,Completed,5,1.14,6,1.13,5.5,1.13,6.1,1.179,4.8,1.17
6,Melbourne,Australian Open,1/22/06,Grand Slam,Outdoor,Hard,4th Round,5,Nalbandian D.,Robredo T.,4,19,2370,1490,6,3,6,0,2,6,6,2,,,3,1,Completed,1.36,3,1.37,3.1,1.42,2.75,1.45,3.02,1.45,2.7
6,Melbourne,Australian Open,1/22/06,Grand Slam,Outdoor,Hard,4th Round,5,Santoro F.,Ferrer D.,65,14,580,1635,6,4,7,5,7,5,,,,,3,0,Completed,3,1.36,2.95,1.4,3.22,1.32,3.15,1.426,3.03,1.36
6,Melbourne,Australian Open,1/22/06,Grand Slam,Outdoor,Hard,4th Round,5,Ljubicic I.,Johansson T.,8,13,2180,1645,6,2,6,4,6,4,,,,,3,0,Completed,1.44,2.62,1.48,2.65,1.55,2.35,1.524,2.77,1.55,2.45
6,Melbourne,Australian Open,1/23/06,Grand Slam,Outdoor,Hard,4th Round,5,Kiefer N.,Chela J.I.,25,51,1215,695,7,6,6,3,6,3,,,,,3,0,Completed,1.61,2.2,1.62,2.3,1.55,2.35,1.676,2.38,1.6,2.25
6,Melbourne,Australian Open,1/23/06,Grand Slam,Outdoor,Hard,4th Round,5,Davydenko N.,Hrbaty D.,5,15,2355,1540,4,6,4,6,6,4,6,2,6,3,3,2,Completed,1.44,2.62,1.45,2.75,1.5,2.45,1.481,2.88,1.44,2.7
6,Melbourne,Australian Open,1/23/06,Grand Slam,Outdoor,Hard,4th Round,5,Grosjean S.,Mathieu P.H.,28,48,1080,713,7,5,6,2,6,2,,,,,3,0,Completed,1.44,2.62,1.5,2.6,1.5,2.45,1.556,2.7,1.5,2.5
6,Melbourne,Australian Open,1/23/06,Grand Slam,Outdoor,Hard,4th Round,5,Federer R.,Haas T.,1,41,6725,825,6,4,6,0,3,6,4,6,6,2,3,2,Completed,1.04,9,1.06,9,1.09,9.8,1.093,9.75,1.1,7.5
6,Melbourne,Australian Open,1/24/06,Grand Slam,Outdoor,Hard,Quarterfinals,5,Nalbandian D.,Santoro F.,4,65,2370,580,7,5,6,0,6,0,,,,,3,0,Completed,1.16,5,1.17,5,1.17,4.67,1.216,5.23,1.18,4.6
6,Melbourne,Australian Open,1/24/06,Grand Slam,Outdoor,Hard,Quarterfinals,5,Baghdatis M.,Ljubicic I.,54,8,684,2180,6,4,6,2,4,6,3,6,6,3,3,2,Completed,3,1.39,2.95,1.4,3.07,1.38,3.18,1.42,3,1.36
6,Melbourne,Australian Open,1/25/06,Grand Slam,Outdoor,Hard,Quarterfinals,5,Kiefer N.,Grosjean S.,25,28,1215,1080,6,3,0,6,6,4,6,7,8,6,3,2,Completed,1.8,2,1.81,2,1.75,2,1.826,2.11,1.9,1.9
6,Melbourne,Australian Open,1/25/06,Grand Slam,Outdoor,Hard,Quarterfinals,5,Federer R.,Davydenko N.,1,5,6725,2355,6,4,3,6,7,6,7,6,,,3,1,Completed,1.03,12,1.03,12,1.05,14.01,1.045,18,1.03,14
6,Melbourne,Australian Open,1/26/06,Grand Slam,Outdoor,Hard,Semifinals,5,Baghdatis M.,Nalbandian D.,54,4,684,2370,3,6,5,7,6,3,6,4,6,4,3,2,Completed,3,1.39,2.85,1.42,3.1,1.35,3.05,1.444,2.95,1.38
6,Melbourne,Australian Open,1/27/06,Grand Slam,Outdoor,Hard,Semifinals,5,Federer R.,Kiefer N.,1,25,6725,1215,6,3,5,7,6,0,6,2,,,3,1,Completed,1.05,10,1.08,8,1.08,9.71,1.073,12.25,1.07,8.5
6,Melbourne,Australian Open,1/29/06,Grand Slam,Outdoor,Hard,The Final,5,Federer R.,Baghdatis M.,1,54,6725,684,5,7,7,5,6,0,6,2,,,3,1,Completed,1.11,6.5,1.13,6,1.13,6.93,1.154,6.9,1.14,6.5
7,Delray Beach,International Championships,1/30/06,International,Outdoor,Hard,1st Round,3,Gimelstob J.,Udomchoke D.,110,109,383,384,6,4,6,4,,,,,,,2,0,Completed,1.83,1.83,1.83,1.93,1.8,1.95,1.971,1.935,1.84,1.9
7,Delray Beach,International Championships,1/30/06,International,Outdoor,Hard,1st Round,3,Garcia-Lopez G.,Phau B.,112,86,378,455,6,1,6,4,,,,,,,2,0,Completed,1.83,1.83,2,1.77,1.87,1.87,2.11,1.826,1.87,1.87
7,Delray Beach,International Championships,1/31/06,International,Outdoor,Hard,1st Round,3,Mayer F.,Berrer M.,68,119,574,368,4,6,6,0,6,3,,,,,2,1,Completed,1.33,3,1.4,2.85,1.32,3.22,1.433,3.11,1.34,3.1
7,Delray Beach,International Championships,1/31/06,International,Outdoor,Hard,1st Round,3,Widom T.,Moodie W.,246,57,144,630,3,6,6,4,6,4,,,,,2,1,Completed,,,2.8,1.4,3.1,1.35,3.33,1.395,3.3,1.31
7,Delray Beach,International Championships,1/31/06,International,Outdoor,Hard,1st Round,3,Agassi A.,Mello R.,9,147,2025,293,6,4,6,4,,,,,,,2,0,Completed,1.1,6,1.15,5.25,1.15,5.2,1.159,6.67,1.14,5.3
7,Delray Beach,International Championships,1/31/06,International,Outdoor,Hard,1st Round,3,Marach O.,Saulnier C.,121,84,360,460,2,0,,,,,,,,,0,0,Retired,2,1.72,2.15,1.67,2.05,1.75,2.1,1.833,2.22,1.62
7,Delray Beach,International Championships,1/31/06,International,Outdoor,Hard,1st Round,3,Greul S.,Fish M.,138,293,310,110,6,3,6,3,,,,,,,2,0,Completed,2.62,1.44,,,,,2.73,1.546,,
7,Delray Beach,International Championships,1/31/06,International,Outdoor,Hard,1st Round,3,Spadea V.,Wang Y.,78,87,515,453,5,7,6,1,6,1,,,,,2,1,Completed,1.5,2.5,1.5,2.55,1.5,2.45,1.61,2.54,1.53,2.4
7,Delray Beach,International Championships,1/31/06,International,Outdoor,Hard,1st Round,3,Malisse X.,Sargsian S.,36,392,866,74,6,2,6,2,,,,,,,2,0,Completed,,,,,,,1.091,10,,
7,Delray Beach,International Championships,1/31/06,International,Outdoor,Hard,1st Round,3,Delgado R.,Reynolds B.,129,113,333,378,4,6,6,1,6,4,,,,,2,1,Completed,2.25,1.57,2.2,1.65,2.3,1.6,2.55,1.606,2.15,1.65
7,Delray Beach,International Championships,2/1/06,International,Outdoor,Hard,1st Round,3,Lee H.T.,Ginepri R.,100,16,408,1525,5,7,6,2,6,4,,,,,2,1,Completed,4,1.19,3.85,1.25,3.9,1.25,3.85,1.317,3.8,1.23
7,Delray Beach,International Championships,2/1/06,International,Outdoor,Hard,1st Round,3,Salzenstein J.,Sabau R.,437,104,61,389,7,5,7,6,,,,,,,2,0,Completed,,,,,1.23,3.89,1.313,3.9,,
7,Delray Beach,International Championships,2/1/06,International,Outdoor,Hard,1st Round,3,Muller G.,Rehnquist B.,71,307,557,104,7,6,6,4,,,,,,,2,0,Completed,1.28,3.25,1.37,3,1.34,3.12,1.417,3.2,1.36,3
7,Delray Beach,International Championships,2/1/06,International,Outdoor,Hard,1st Round,3,Haas T.,Kunitsyn I.,30,125,940,345,7,6,6,2,,,,,,,2,0,Completed,1.08,6.5,1.1,6.5,1.07,7.19,1.103,8.72,1.11,6
7,Delray Beach,International Championships,2/1/06,International,Outdoor,Hard,1st Round,3,Kendrick R.,Kim K.,372,115,80,376,6,4,7,5,,,,,,,2,0,Completed,2.25,1.57,2.35,1.57,2.3,1.6,2.67,1.565,2.42,1.53
7,Delray Beach,International Championships,2/1/06,International,Outdoor,Hard,1st Round,3,Pavel A.,Patience O.,82,143,485,298,6,3,7,6,,,,,,,2,0,Completed,1.44,2.62,1.5,2.55,1.5,2.45,1.588,2.6,1.5,2.5
7,Delray Beach,International Championships,2/1/06,International,Outdoor,Hard,2nd Round,3,Mayer F.,Marach O.,68,121,574,360,7,5,6,3,,,,,,,2,0,Completed,1.39,2.75,1.42,2.8,1.45,2.6,1.474,2.91,1.4,2.8
7,Delray Beach,International Championships,2/1/06,International,Outdoor,Hard,2nd Round,3,Malisse X.,Gimelstob J.,36,110,866,383,6,2,7,5,,,,,,,2,0,Completed,1.25,3.75,1.28,3.55,1.25,3.75,1.275,4.33,1.27,3.55
7,Delray Beach,International Championships,2/1/06,International,Outdoor,Hard,2nd Round,3,Garcia-Lopez G.,Widom T.,112,246,378,144,6,3,6,2,,,,,,,2,0,Completed,1.5,2.5,1.45,2.7,1.37,2.92,1.483,2.87,1.4,2.8
7,Delray Beach,International Championships,2/2/06,International,Outdoor,Hard,2nd Round,3,Agassi A.,Delgado R.,9,129,2025,333,4,6,7,6,6,0,,,,,2,1,Completed,1.07,7.5,1.1,6.5,1.07,7.19,1.111,8.75,1.1,6.5
7,Delray Beach,International Championships,2/2/06,International,Outdoor,Hard,2nd Round,3,Lee H.T.,Greul S.,100,138,408,310,2,6,6,3,6,4,,,,,2,1,Completed,1.44,2.62,1.48,2.6,1.42,2.75,1.641,2.36,1.48,2.55
7,Delray Beach,International Championships,2/2/06,International,Outdoor,Hard,2nd Round,3,Muller G.,Salzenstein J.,71,437,557,61,6,3,6,4,,,,,,,2,0,Completed,1.33,3.25,1.4,2.85,1.37,2.92,1.448,3.03,1.36,3
7,Delray Beach,International Championships,2/2/06,International,Outdoor,Hard,2nd Round,3,Spadea V.,Kendrick R.,78,372,515,80,6,4,6,1,,,,,,,2,0,Completed,1.36,3,1.38,2.95,1.4,2.85,1.408,3.25,1.38,2.9
7,Delray Beach,International Championships,2/3/06,International,Outdoor,Hard,2nd Round,3,Haas T.,Pavel A.,30,82,940,485,6,7,6,1,7,5,,,,,2,1,Completed,1.19,4.33,1.18,4.65,1.2,4.25,1.174,6.25,1.21,4.15
7,Delray Beach,International Championships,2/3/06,International,Outdoor,Hard,Quarterfinals,3,Spadea V.,Lee H.T.,78,100,515,408,6,3,6,3,,,,,,,2,0,Completed,1.53,2.37,1.65,2.2,1.64,2.17,1.662,2.41,1.56,2.35
7,Delray Beach,International Championships,2/3/06,International,Outdoor,Hard,Quarterfinals,3,Haas T.,Muller G.,30,71,940,557,6,3,6,2,,,,,,,2,0,Completed,1.22,4,1.22,4.1,1.23,3.89,1.244,4.7,1.2,4.25
7,Delray Beach,International Championships,2/3/06,International,Outdoor,Hard,Quarterfinals,3,Garcia-Lopez G.,Agassi A.,112,9,378,2025,6,4,6,2,,,,,,,2,0,Completed,4.5,1.16,4.5,1.18,4.45,1.18,4.53,1.261,3.5,1.28
7,Delray Beach,International Championships,2/4/06,International,Outdoor,Hard,Quarterfinals,3,Malisse X.,Mayer F.,36,68,866,574,6,7,6,2,6,3,,,,,2,1,Completed,1.39,2.75,1.35,3.1,1.45,2.6,1.402,3.29,1.43,2.72
7,Delray Beach,International Championships,2/5/06,International,Outdoor,Hard,Semifinals,3,Haas T.,Spadea V.,30,78,940,515,6,3,6,2,,,,,,,2,0,Completed,1.25,3.75,1.25,3.85,1.28,3.46,1.333,3.7,1.32,3.3
7,Delray Beach,International Championships,2/5/06,International,Outdoor,Hard,Semifinals,3,Malisse X.,Garcia-Lopez G.,36,112,866,378,7,6,6,1,,,,,,,2,0,Completed,1.36,3,1.39,2.9,1.4,2.85,1.437,3.09,1.45,2.65
7,Delray Beach,International Championships,2/5/06,International,Outdoor,Hard,The Final,3,Haas T.,Malisse X.,30,36,940,866,6,3,3,6,7,6,,,,,2,1,Completed,1.39,2.75,1.4,2.85,1.37,2.92,1.403,3.28,1.4,2.85
8,Vina del Mar,Movistar Open,1/30/06,International,Outdoor,Clay,1st Round,3,Gimeno-Traver D.,Calleri A.,187,56,208,662,1,6,6,3,6,3,,,,,2,1,Completed,,,,,,,,,,
8,Vina del Mar,Movistar Open,1/30/06,International,Outdoor,Clay,1st Round,3,Cuadrado C.,Behrend T.,308,98,103,416,7,5,6,0,,,,,,,2,0,Completed,2.5,1.5,2.45,1.53,2.53,1.48,2.76,1.538,2.38,1.54
8,Vina del Mar,Movistar Open,1/30/06,International,Outdoor,Clay,1st Round,3,Montanes A.,Monaco J.,75,79,536,507,6,4,6,2,,,,,,,2,0,Completed,2.37,1.53,2.3,1.6,2.4,1.53,2.36,1.685,2.42,1.52
8,Vina del Mar,Movistar Open,1/30/06,International,Outdoor,Clay,1st Round,3,Marcaccio G.,Horna L.,486,70,50,562,7,6,0,6,6,2,,,,,2,1,Completed,4,1.19,4.65,1.18,,,5.34,1.211,,
8,Vina del Mar,Movistar Open,1/30/06,International,Outdoor,Clay,1st Round,3,Del Potro J.M.,Portas A.,159,117,265,373,6,2,6,2,,,,,,,2,0,Completed,1.72,2,1.82,1.95,1.7,2.1,1.613,2.53,1.74,2.02
8,Vina del Mar,Movistar Open,1/30/06,International,Outdoor,Clay,1st Round,3,Gaudio G.,Parada F.,8,385,2050,77,6,1,6,4,,,,,,,2,0,Completed,1.03,10,1.04,10,1.04,9.25,1.047,18,1.04,11
8,Vina del Mar,Movistar Open,1/30/06,International,Outdoor,Clay,1st Round,3,Aguilar J.,Hormazabal G.,397,621,72,30,6,4,6,2,,,,,,,2,0,Completed,,,,,,,,,,
8,Vina del Mar,Movistar Open,1/31/06,International,Outdoor,Clay,1st Round,3,Massu N.,Daniel M.,69,94,570,429,6,3,6,3,,,,,,,2,0,Completed,1.22,3.75,1.22,4.1,1.2,4.25,1.263,4.5,1.2,4.25
8,Vina del Mar,Movistar Open,1/31/06,International,Outdoor,Clay,1st Round,3,di Mauro A.,Garcia A.,122,181,355,214,6,7,6,1,6,4,,,,,2,1,Completed,,,1.5,2.55,,,1.559,2.69,1.5,2.5
8,Vina del Mar,Movistar Open,1/31/06,International,Outdoor,Clay,1st Round,3,Ramirez-Hidalgo R.,Almagro N.,106,103,389,396,0,6,6,3,6,1,,,,,2,1,Completed,2.1,1.66,2.2,1.65,2.25,1.6,2.15,1.8,2.2,1.63
8,Vina del Mar,Movistar Open,1/31/06,International,Outdoor,Clay,1st Round,3,Marin J.A.,Armando H.,111,178,381,218,6,2,6,3,,,,,,,2,0,Completed,1.83,1.83,,,1.87,1.87,2.1,1.833,1.9,1.85
8,Vina del Mar,Movistar Open,1/31/06,International,Outdoor,Clay,1st Round,3,Acasuso J.,Navarro-Pastor I.,46,131,768,317,6,3,6,2,,,,,,,2,0,Completed,1.16,4.5,1.2,4.4,1.18,4.45,1.234,4.87,1.2,4.25
8,Vina del Mar,Movistar Open,1/31/06,International,Outdoor,Clay,1st Round,3,Friedl L.,Berlocq C.,N/A,80,N/A,503,6,7,6,3,6,1,,,,,2,1,Completed,3.2,1.3,,,3.35,1.3,3.7,1.333,3.25,1.31
8,Vina del Mar,Movistar Open,1/31/06,International,Outdoor,Clay,1st Round,3,Ventura S.,Capdeville P.,164,135,255,312,6,3,0,6,6,3,,,,,2,1,Completed,2.25,1.57,2.35,1.57,2.3,1.6,2.6,1.588,2.28,1.58
8,Vina del Mar,Movistar Open,1/31/06,International,Outdoor,Clay,1st Round,3,Pashanski B.,Saretta F.,65,83,578,466,1,6,7,5,6,3,,,,,2,1,Completed,,,1.5,2.55,1.45,2.6,1.556,2.7,1.5,2.5
8,Vina del Mar,Movistar Open,2/1/06,International,Outdoor,Clay,1st Round,3,Gonzalez F.,Mazarakis V.,14,120,1585,364,6,1,6,2,,,,,,,2,0,Completed,1.05,8,1.04,10,1.04,9.35,1.054,15.5,1.04,10
8,Vina del Mar,Movistar Open,2/1/06,International,Outdoor,Clay,2nd Round,3,Montanes A.,Ventura S.,75,164,536,255,4,6,6,4,6,3,,,,,2,1,Completed,1.72,2,1.7,2.1,1.65,2.15,1.73,2.27,1.63,2.2
8,Vina del Mar,Movistar Open,2/1/06,International,Outdoor,Clay,2nd Round,3,Cuadrado C.,Gimeno-Traver D.,308,187,103,208,6,3,6,3,,,,,,,2,0,Completed,2.25,1.57,2.25,1.62,2.25,1.6,2.16,1.794,2.2,1.63
8,Vina del Mar,Movistar Open,2/1/06,International,Outdoor,Clay,2nd Round,3,Ramirez-Hidalgo R.,Gaudio G.,106,8,389,2050,6,7,6,1,6,4,,,,,2,1,Completed,6.5,1.1,5.4,1.14,6.23,1.1,6.6,1.161,6.5,1.1
8,Vina del Mar,Movistar Open,2/2/06,International,Outdoor,Clay,2nd Round,3,Massu N.,Marin J.A.,69,111,570,381,6,3,6,4,,,,,,,2,0,Completed,1.28,3.5,1.22,4.25,1.21,4.06,1.303,4,1.24,3.8
8,Vina del Mar,Movistar Open,2/2/06,International,Outdoor,Clay,2nd Round,3,Acasuso J.,Marcaccio G.,46,486,768,50,6,1,6,1,,,,,,,2,0,Completed,1.08,7,1.16,5,1.11,5.84,1.068,12.79,1.07,8.5
8,Vina del Mar,Movistar Open,2/2/06,International,Outdoor,Clay,2nd Round,3,Pashanski B.,di Mauro A.,65,122,578,355,6,7,7,6,6,0,,,,,2,1,Completed,1.57,2.25,1.65,2.2,1.55,2.35,1.68,2.37,1.6,2.25
8,Vina del Mar,Movistar Open,2/2/06,International,Outdoor,Clay,2nd Round,3,Friedl L.,Aguilar J.,N/A,397,N/A,72,7,6,6,3,,,,,,,2,0,Completed,1.83,1.83,1.67,2.15,1.65,2.15,1.813,2.13,1.72,2.05
8,Vina del Mar,Movistar Open,2/3/06,International,Outdoor,Clay,2nd Round,3,Gonzalez F.,Del Potro J.M.,14,159,1585,265,6,3,7,6,,,,,,,2,0,Completed,1.11,6,1.14,5.4,1.13,5.5,1.195,5.62,1.11,6
8,Vina del Mar,Movistar Open,2/3/06,International,Outdoor,Clay,Quarterfinals,3,Ramirez-Hidalgo R.,Montanes A.,106,75,389,536,6,2,2,6,6,2,,,,,2,1,Completed,1.9,1.8,2,1.77,2.1,1.7,2.1,1.833,2.05,1.72
8,Vina del Mar,Movistar Open,2/3/06,International,Outdoor,Clay,Quarterfinals,3,Acasuso J.,Friedl L.,46,N/A,768,N/A,3,6,6,1,7,5,,,,,2,1,Completed,1.12,5.5,1.12,6,1.13,5.5,1.136,7.75,1.1,6.5
8,Vina del Mar,Movistar Open,2/3/06,International,Outdoor,Clay,Quarterfinals,3,Massu N.,Cuadrado C.,69,308,570,103,4,6,7,6,6,3,,,,,2,1,Completed,1.16,4.5,1.16,5,1.17,4.67,1.215,5.26,1.14,5.25
8,Vina del Mar,Movistar Open,2/4/06,International,Outdoor,Clay,Quarterfinals,3,Gonzalez F.,Pashanski B.,14,65,1585,578,6,4,6,3,,,,,,,2,0,Completed,1.14,5,1.14,5.4,1.14,5.19,1.196,5.6,1.13,5.5
8,Vina del Mar,Movistar Open,2/4/06,International,Outdoor,Clay,Semifinals,3,Acasuso J.,Ramirez-Hidalgo R.,46,106,768,389,6,2,6,4,,,,,,,2,0,Completed,1.53,2.37,1.55,2.4,1.55,2.35,1.763,2.21,1.58,2.33
8,Vina del Mar,Movistar Open,2/5/06,International,Outdoor,Clay,Semifinals,3,Massu N.,Gonzalez F.,69,14,570,1585,3,6,7,6,6,4,,,,,2,1,Completed,2.75,1.39,2.6,1.48,2.85,1.4,2.8,1.5,2.9,1.4
8,Vina del Mar,Movistar Open,2/5/06,International,Outdoor,Clay,The Final,3,Acasuso J.,Massu N.,46,69,768,570,6,4,6,3,,,,,,,2,0,Completed,2.1,1.66,2.1,1.7,2,1.75,2.16,1.794,2.1,1.7
9,Zagreb,PBZ Zagreb Indoors,1/30/06,International,Indoor,Carpet,1st Round,3,Djokovic N.,Vik R.,81,59,487,605,6,1,7,5,,,,,,,2,0,Completed,1.66,2.1,1.83,1.93,1.67,2.12,1.84,2.09,1.72,2.05
9,Zagreb,PBZ Zagreb Indoors,1/30/06,International,Indoor,Carpet,1st Round,3,Cilic M.,Andreev I.,585,25,35,1255,6,3,1,6,6,3,,,,,2,1,Completed,6.5,1.08,,,4.9,1.15,6.2,1.175,5.6,1.12
9,Zagreb,PBZ Zagreb Indoors,1/30/06,International,Indoor,Carpet,1st Round,3,Henman T.,Clement A.,43,63,800,583,6,3,6,3,,,,,,,2,0,Completed,1.44,2.62,1.48,2.6,1.45,2.6,1.518,2.78,1.48,2.55
9,Zagreb,PBZ Zagreb Indoors,1/30/06,International,Indoor,Carpet,1st Round,3,Nieminen J.,Starace P.,26,101,1230,403,3,6,7,5,6,3,,,,,2,1,Completed,1.14,5,1.18,4.65,1.15,5.2,1.18,6.05,1.16,4.8
9,Zagreb,PBZ Zagreb Indoors,1/31/06,International,Indoor,Carpet,1st Round,3,Stepanek R.,Cakl T.,21,175,1400,222,6,3,7,6,,,,,,,2,0,Completed,,,,,1.1,6.23,1.136,7.64,,
9,Zagreb,PBZ Zagreb Indoors,1/31/06,International,Indoor,Carpet,1st Round,3,Seppi A.,Okun N.,55,197,666,192,6,2,6,4,,,,,,,2,0,Completed,,,,,1.3,3.35,1.375,3.47,,
9,Zagreb,PBZ Zagreb Indoors,1/31/06,International,Indoor,Carpet,1st Round,3,Koubek S.,Minar I.,179,99,215,413,7,6,3,6,6,3,,,,,2,1,Completed,1.8,1.9,,,1.65,2.2,1.781,2.18,,
9,Zagreb,PBZ Zagreb Indoors,1/31/06,International,Indoor,Carpet,1st Round,3,Wawrinka S.,Ferrer D.,49,10,748,1780,4,6,6,1,6,3,,,,,2,1,Completed,2.37,1.53,2.2,1.65,2.1,1.7,2.4,1.667,2.08,1.7
9,Zagreb,PBZ Zagreb Indoors,1/31/06,International,Indoor,Carpet,1st Round,3,Ancic M.,Tursunov D.,22,52,1390,725,6,3,4,6,6,4,,,,,2,1,Completed,1.57,2.25,1.55,2.4,1.55,2.35,1.602,2.56,1.58,2.3
9,Zagreb,PBZ Zagreb Indoors,1/31/06,International,Indoor,Carpet,1st Round,3,Bozoljac I.,Bracciali D.,215,77,173,516,6,4,7,6,,,,,,,2,0,Completed,2.37,1.53,,,2.4,1.53,2.2,1.769,,
9,Zagreb,PBZ Zagreb Indoors,1/31/06,International,Indoor,Carpet,1st Round,3,Gasquet R.,Sanguinetti D.,17,42,1516,809,6,3,6,0,,,,,,,2,0,Completed,1.53,2.37,1.5,2.55,1.48,2.53,1.599,2.57,1.57,2.3
9,Zagreb,PBZ Zagreb Indoors,1/31/06,International,Indoor,Carpet,1st Round,3,Carlsen K.,Hernych J.,61,85,590,455,6,2,6,4,,,,,,,2,0,Completed,1.83,1.83,1.93,1.83,1.8,1.95,1.8,2.15,1.84,1.9
9,Zagreb,PBZ Zagreb Indoors,2/1/06,International,Indoor,Carpet,1st Round,3,Youzhny M.,Zib T.,47,73,765,547,6,4,3,6,6,1,,,,,2,1,Completed,1.28,3.25,1.32,3.3,1.3,3.35,1.332,3.71,1.29,3.35
9,Zagreb,PBZ Zagreb Indoors,2/1/06,International,Indoor,Carpet,1st Round,3,Lopez F.,Soderling R.,34,66,900,575,7,6,4,6,6,1,,,,,2,1,Completed,2.1,1.66,2.3,1.6,2.25,1.6,2.5,1.625,2.2,1.62
9,Zagreb,PBZ Zagreb Indoors,2/1/06,International,Indoor,Carpet,1st Round,3,Ljubicic I.,Murray A.,5,60,2395,593,4,6,6,2,6,3,,,,,2,1,Completed,1.16,4.5,1.18,4.65,1.17,4.67,1.211,5.24,1.15,5
9,Zagreb,PBZ Zagreb Indoors,2/1/06,International,Indoor,Carpet,1st Round,3,Karlovic I.,Schuettler R.,67,93,575,433,7,6,6,3,,,,,,,2,0,Completed,1.3,3.2,1.35,3.1,1.3,3.35,1.364,3.55,1.3,3.3
9,Zagreb,PBZ Zagreb Indoors,2/1/06,International,Indoor,Carpet,2nd Round,3,Koubek S.,Wawrinka S.,179,49,215,748,6,4,6,4,,,,,,,2,0,Completed,2.75,1.39,3,1.37,3.34,1.3,3.4,1.385,2.8,1.4
9,Zagreb,PBZ Zagreb Indoors,2/1/06,International,Indoor,Carpet,2nd Round,3,Henman T.,Gasquet R.,43,17,800,1516,6,4,6,4,,,,,,,2,0,Completed,2,1.72,1.83,1.93,1.9,1.85,1.962,1.943,1.9,1.85
9,Zagreb,PBZ Zagreb Indoors,2/2/06,International,Indoor,Carpet,2nd Round,3,Djokovic N.,Stepanek R.,81,21,487,1400,6,3,6,4,,,,,,,2,0,Completed,2.75,1.39,2.7,1.45,2.97,1.36,3.14,1.427,2.8,1.4
9,Zagreb,PBZ Zagreb Indoors,2/2/06,International,Indoor,Carpet,2nd Round,3,Bozoljac I.,Lopez F.,215,34,173,900,7,6,6,2,,,,,,,2,0,Completed,4.33,1.19,4.4,1.2,3.9,1.25,4.7,1.244,3.6,1.26
9,Zagreb,PBZ Zagreb Indoors,2/2/06,International,Indoor,Carpet,2nd Round,3,Youzhny M.,Nieminen J.,47,26,765,1230,2,6,7,6,7,6,,,,,2,1,Completed,2.1,1.66,2.2,1.65,2.05,1.75,2.19,1.775,2.08,1.7
9,Zagreb,PBZ Zagreb Indoors,2/2/06,International,Indoor,Carpet,2nd Round,3,Karlovic I.,Ancic M.,67,22,575,1390,7,6,7,6,,,,,,,2,0,Completed,2.5,1.5,2.55,1.5,2.4,1.53,2.5,1.625,2.3,1.58
9,Zagreb,PBZ Zagreb Indoors,2/2/06,International,Indoor,Carpet,2nd Round,3,Ljubicic I.,Carlsen K.,5,61,2395,590,7,6,6,4,,,,,,,2,0,Completed,1.11,6,1.12,6,1.13,5.5,1.16,6.65,1.14,5.3
9,Zagreb,PBZ Zagreb Indoors,2/2/06,International,Indoor,Carpet,2nd Round,3,Seppi A.,Cilic M.,55,585,666,35,4,6,6,4,6,4,,,,,2,1,Completed,1.33,3.25,1.33,3.2,1.3,3.35,1.415,3.21,1.31,3.33
9,Zagreb,PBZ Zagreb Indoors,2/3/06,International,Indoor,Carpet,Quarterfinals,3,Djokovic N.,Bozoljac I.,81,215,487,173,6,2,6,3,,,,,,,2,0,Completed,1.36,3,1.35,3.1,1.42,2.75,1.407,3.26,1.4,2.8
9,Zagreb,PBZ Zagreb Indoors,2/3/06,International,Indoor,Carpet,Quarterfinals,3,Henman T.,Seppi A.,43,55,800,666,6,3,6,4,,,,,,,2,0,Completed,1.39,2.75,1.35,3.1,1.35,3.1,1.383,3.41,1.34,3.1
9,Zagreb,PBZ Zagreb Indoors,2/3/06,International,Indoor,Carpet,Quarterfinals,3,Ljubicic I.,Youzhny M.,5,47,2395,765,6,3,6,2,,,,,,,2,0,Completed,1.25,3.75,1.28,3.55,1.3,3.35,1.323,3.8,1.26,3.65
9,Zagreb,PBZ Zagreb Indoors,2/3/06,International,Indoor,Carpet,Quarterfinals,3,Koubek S.,Karlovic I.,179,67,215,575,7,6,6,7,6,3,,,,,2,1,Completed,3,1.36,3,1.37,3.46,1.28,3.4,1.385,3.35,1.3
9,Zagreb,PBZ Zagreb Indoors,2/4/06,International,Indoor,Carpet,Semifinals,3,Koubek S.,Henman T.,179,43,215,800,6,3,3,6,6,2,,,,,2,1,Completed,3.5,1.28,3.2,1.33,2.92,1.37,3.19,1.418,2.82,1.4
9,Zagreb,PBZ Zagreb Indoors,2/4/06,International,Indoor,Carpet,Semifinals,3,Ljubicic I.,Djokovic N.,5,81,2395,487,6,7,6,3,6,4,,,,,2,1,Completed,1.14,5,1.15,5.25,1.17,4.67,1.209,5.38,1.15,5
9,Zagreb,PBZ Zagreb Indoors,2/5/06,International,Indoor,Carpet,The Final,3,Ljubicic I.,Koubek S.,5,179,2395,215,6,3,6,4,,,,,,,2,0,Completed,1.14,5,1.13,5.65,1.15,5.2,1.154,6.9,1.14,5.2
10,Buenos Aires,Copa Telmex,2/13/06,International,Outdoor,Clay,1st Round,3,Pashanski B.,Brzezicki J.P.,57,168,613,234,6,4,5,7,7,5,,,,,2,1,Completed,1.28,3.25,1.33,3.2,1.35,3.1,1.369,3.51,1.32,3.2
10,Buenos Aires,Copa Telmex,2/13/06,International,Outdoor,Clay,1st Round,3,Behrend T.,Berlocq C.,107,78,381,503,7,6,6,4,,,,,,,2,0,Completed,2.25,1.57,2.45,1.53,2.3,1.6,2.5,1.625,2.3,1.58
10,Buenos Aires,Copa Telmex,2/13/06,International,Outdoor,Clay,1st Round,3,Ferrero J.C.,Del Potro J.M.,18,155,1500,268,6,2,4,6,6,4,,,,,2,1,Completed,1.25,3.5,1.33,3.2,1.32,3.22,1.338,3.66,1.27,3.55
10,Buenos Aires,Copa Telmex,2/14/06,International,Outdoor,Clay,1st Round,3,Coria G.,Vanek J.,7,123,2100,350,6,1,2,6,7,6,,,,,2,1,Completed,1.06,7.5,1.08,7.5,1.07,7.19,1.067,13,1.08,7
10,Buenos Aires,Copa Telmex,2/14/06,International,Outdoor,Clay,1st Round,3,Starace P.,Monaco J.,99,77,403,507,6,3,6,3,,,,,,,2,0,Completed,2,1.72,2,1.77,2.1,1.7,2.09,1.84,2,1.76
10,Buenos Aires,Copa Telmex,2/14/06,International,Outdoor,Clay,1st Round,3,Volandri F.,Vicente F.,33,100,871,399,6,3,6,2,,,,,,,2,0,Completed,,,1.37,3,1.3,3.35,1.353,3.53,,
10,Buenos Aires,Copa Telmex,2/14/06,International,Outdoor,Clay,1st Round,3,Ramirez-Hidalgo R.,Prodon E.,93,612,424,31,3,6,6,4,6,2,,,,,2,1,Completed,1.5,2.5,1.6,2.3,1.5,2.45,1.571,2.65,,
10,Buenos Aires,Copa Telmex,2/14/06,International,Outdoor,Clay,1st Round,3,Martin A.,Portas A.,55,112,656,368,6,2,7,5,,,,,,,2,0,Completed,1.57,2.25,1.67,2.15,,,1.617,2.52,,
10,Buenos Aires,Copa Telmex,2/14/06,International,Outdoor,Clay,1st Round,3,Calleri A.,Serra F.,56,37,632,848,6,0,6,4,,,,,,,2,0,Completed,1.8,1.9,1.8,1.97,1.75,2,1.787,2.17,1.75,2
10,Buenos Aires,Copa Telmex,2/14/06,International,Outdoor,Clay,1st Round,3,Massu N.,Daniel M.,54,91,670,429,6,3,5,7,6,1,,,,,2,1,Completed,1.19,4,1.18,4.65,1.2,4.25,1.258,4.48,1.23,3.9
10,Buenos Aires,Copa Telmex,2/14/06,International,Outdoor,Clay,1st Round,3,Vassallo-Arguello M.,Mello R.,204,149,186,283,6,3,6,3,,,,,,,2,0,Completed,1.72,2,,,1.75,2.05,1.862,2.06,1.7,2.1
10,Buenos Aires,Copa Telmex,2/14/06,International,Outdoor,Clay,1st Round,3,Chela J.I.,Horna L.,46,67,770,562,7,6,0,0,,,,,,,1,0,Retired,1.39,2.75,1.37,3,1.42,2.75,1.418,3.19,1.36,3
10,Buenos Aires,Copa Telmex,2/14/06,International,Outdoor,Clay,1st Round,3,Saretta F.,Fraile G.,87,185,442,209,6,0,4,6,6,3,,,,,2,1,Completed,,,,,,,,,,
10,Buenos Aires,Copa Telmex,2/14/06,International,Outdoor,Clay,1st Round,3,Moya C.,Fognini F.,34,312,870,102,6,7,6,4,6,4,,,,,2,1,Completed,1.12,5.5,1.13,6,,,1.143,7.3,1.15,5
10,Buenos Aires,Copa Telmex,2/15/06,International,Outdoor,Clay,1st Round,3,Acasuso J.,Montanes A.,39,66,833,571,6,1,6,3,,,,,,,2,0,Completed,1.14,5,1.2,4.4,1.14,5.19,1.056,15,1.17,4.7
10,Buenos Aires,Copa Telmex,2/15/06,International,Outdoor,Clay,1st Round,3,Marin J.A.,Sabau R.,103,110,391,375,6,1,6,1,,,,,,,2,0,Completed,1.39,2.75,1.37,3,1.31,3.28,1.398,3.31,1.4,2.82
10,Buenos Aires,Copa Telmex,2/15/06,International,Outdoor,Clay,2nd Round,3,Pashanski B.,Martin A.,57,55,613,656,3,6,7,6,6,3,,,,,2,1,Completed,2.25,1.57,2.1,1.7,2.3,1.6,2.35,1.69,2.32,1.57
10,Buenos Aires,Copa Telmex,2/15/06,International,Outdoor,Clay,2nd Round,3,Volandri F.,Behrend T.,33,107,871,381,3,6,7,6,7,6,,,,,2,1,Completed,1.14,5,1.2,4.4,1.2,4.25,1.194,5.65,1.2,4.25
10,Buenos Aires,Copa Telmex,2/15/06,International,Outdoor,Clay,2nd Round,3,Ramirez-Hidalgo R.,Coria G.,93,7,424,2100,7,5,6,2,,,,,,,2,0,Completed,5,1.14,5,1.16,5.2,1.15,4.95,1.23,4.65,1.17
10,Buenos Aires,Copa Telmex,2/16/06,International,Outdoor,Clay,2nd Round,3,Moya C.,Massu N.,34,54,870,670,4,6,6,3,7,6,,,,,2,1,Completed,1.72,2,1.77,2,,,1.741,2.25,1.77,2
10,Buenos Aires,Copa Telmex,2/16/06,International,Outdoor,Clay,2nd Round,3,Starace P.,Chela J.I.,99,46,403,770,3,6,7,6,6,2,,,,,2,1,Completed,2.62,1.44,2.6,1.48,2.6,1.45,2.6,1.588,2.68,1.44
10,Buenos Aires,Copa Telmex,2/16/06,International,Outdoor,Clay,2nd Round,3,Ferrero J.C.,Saretta F.,18,87,1500,442,4,6,6,2,6,3,,,,,2,1,Completed,1.22,4,1.2,4.4,1.21,4.06,1.244,4.69,1.24,3.8
10,Buenos Aires,Copa Telmex,2/17/06,International,Outdoor,Clay,2nd Round,3,Acasuso J.,Vassallo-Arguello M.,39,204,833,186,6,3,6,1,,,,,,,2,0,Completed,1.1,6.5,,,1.15,5.2,1.134,7.75,1.12,5.75
10,Buenos Aires,Copa Telmex,2/17/06,International,Outdoor,Clay,2nd Round,3,Calleri A.,Marin J.A.,56,103,632,391,6,4,6,2,,,,,,,2,0,Completed,1.28,3.5,1.3,3.4,1.35,3.1,1.365,3.54,1.29,3.4
10,Buenos Aires,Copa Telmex,2/17/06,International,Outdoor,Clay,Quarterfinals,3,Volandri F.,Pashanski B.,33,57,871,613,6,4,6,3,,,,,,,2,0,Completed,1.36,3,1.4,2.85,1.35,3.1,1.485,2.86,1.4,2.82
10,Buenos Aires,Copa Telmex,2/17/06,International,Outdoor,Clay,Quarterfinals,3,Calleri A.,Acasuso J.,56,39,632,833,6,3,3,6,6,4,,,,,2,1,Completed,2.75,1.39,2.85,1.4,2.85,1.4,2.9,1.488,2.5,1.5
10,Buenos Aires,Copa Telmex,2/17/06,International,Outdoor,Clay,Quarterfinals,3,Moya C.,Ramirez-Hidalgo R.,34,93,870,424,6,2,6,2,,,,,,,2,0,Completed,1.14,5,1.27,3.6,1.28,3.46,1.213,5.2,1.19,4.45
10,Buenos Aires,Copa Telmex,2/18/06,International,Outdoor,Clay,Quarterfinals,3,Ferrero J.C.,Starace P.,18,99,1500,403,6,3,7,5,,,,,,,2,0,Completed,1.39,2.75,1.42,2.8,1.4,2.85,1.538,2.76,1.44,2.7
10,Buenos Aires,Copa Telmex,2/18/06,International,Outdoor,Clay,Semifinals,3,Volandri F.,Calleri A.,33,56,871,632,6,3,6,4,,,,,,,2,0,Completed,2,1.72,2.1,1.7,2.12,1.67,2.28,1.725,2,1.77
10,Buenos Aires,Copa Telmex,2/18/06,International,Outdoor,Clay,Semifinals,3,Moya C.,Ferrero J.C.,34,18,870,1500,3,6,7,6,6,4,,,,,2,1,Completed,1.8,1.9,1.88,1.88,2,1.75,1.952,1.952,1.88,1.88
10,Buenos Aires,Copa Telmex,2/19/06,International,Outdoor,Clay,The Final,3,Moya C.,Volandri F.,34,33,870,871,7,6,6,4,,,,,,,2,0,Completed,1.53,2.37,1.53,2.5,1.6,2.25,1.613,2.53,1.58,2.34
11,Marseille,Open 13,2/13/06,International,Indoor,Hard,1st Round,3,Stepanek R.,Berdych T.,22,24,1355,1280,7,5,6,4,,,,,,,2,0,Completed,1.8,1.9,1.93,1.83,1.87,1.87,1.98,1.926,1.94,1.82
11,Marseille,Open 13,2/13/06,International,Indoor,Hard,1st Round,3,Simon G.,Nieminen J.,80,26,486,1230,4,6,6,3,6,2,,,,,2,1,Completed,3,1.33,2.85,1.4,3.22,1.32,2.98,1.459,3,1.36
11,Marseille,Open 13,2/14/06,International,Indoor,Hard,1st Round,3,Rusedski G.,Thomann N.,45,206,800,185,6,3,6,2,,,,,,,2,0,Completed,,,1.4,2.85,1.35,3.1,1.461,2.97,,
11,Marseille,Open 13,2/14/06,International,Indoor,Hard,1st Round,3,Korolev E.,Sidorenko A.,188,1291,206,3,2,6,6,4,6,1,,,,,2,1,Completed,,,,,,,1.433,3.11,,
11,Marseille,Open 13,2/14/06,International,Indoor,Hard,1st Round,3,Youzhny M.,de Chaunac S.,47,378,765,78,6,4,6,3,,,,,,,2,0,Completed,,,1.4,2.85,1.3,3.35,1.388,3.38,,
11,Marseille,Open 13,2/14/06,International,Indoor,Hard,1st Round,3,Davydenko N.,Rochus C.,6,48,2355,757,6,1,6,2,,,,,,,2,0,Completed,1.07,7,1.11,6.25,1.11,5.84,1.123,8.36,1.1,6.4
11,Marseille,Open 13,2/14/06,International,Indoor,Hard,1st Round,3,Nadal R.,Rochus O.,2,30,4615,930,4,6,6,2,7,5,,,,,2,1,Completed,1.25,3.5,1.37,3,1.3,3.35,1.402,3.29,1.34,3.1
11,Marseille,Open 13,2/14/06,International,Indoor,Hard,1st Round,3,Andreev I.,Dent T.,25,43,1255,810,2,6,6,3,7,6,,,,,2,1,Completed,1.83,1.83,2.1,1.7,2.05,1.75,2.2,1.769,2,1.76
11,Marseille,Open 13,2/15/06,International,Indoor,Hard,1st Round,3,Mathieu P.H.,Haehnel J.,35,142,858,301,5,7,6,3,6,4,,,,,2,1,Completed,1.44,2.62,1.53,2.45,1.44,2.67,1.524,2.78,1.45,2.65
11,Marseille,Open 13,2/15/06,International,Indoor,Hard,1st Round,3,Verdasco F.,Melzer J.,31,70,925,550,6,4,7,6,,,,,,,2,0,Completed,1.57,2.25,1.65,2.2,1.61,2.23,1.629,2.49,1.6,2.25
11,Marseille,Open 13,2/15/06,International,Indoor,Hard,1st Round,3,Santoro F.,Johansson T.,41,13,825,1645,6,4,7,6,,,,,,,2,0,Completed,2.1,1.66,2.1,1.7,2.1,1.7,2.14,1.806,2,1.77
11,Marseille,Open 13,2/15/06,International,Indoor,Hard,1st Round,3,Faurel J.C.,Lopez F.,175,38,220,835,6,3,6,3,,,,,,,2,0,Completed,3.2,1.3,2.85,1.4,3.1,1.35,3.26,1.407,3.05,1.35
11,Marseille,Open 13,2/15/06,International,Indoor,Hard,1st Round,3,Ljubicic I.,Srichaphan P.,5,53,2395,675,6,3,6,7,6,3,,,,,2,1,Completed,1.22,3.75,1.2,4.4,1.2,4.25,1.242,4.74,1.24,3.75
11,Marseille,Open 13,2/15/06,International,Indoor,Hard,1st Round,3,Clement A.,Gasquet R.,65,16,576,1526,3,6,6,4,6,0,,,,,2,1,Completed,3.75,1.22,3.85,1.25,4.25,1.2,4.64,1.248,3.85,1.24
11,Marseille,Open 13,2/15/06,International,Indoor,Hard,1st Round,3,Grosjean S.,Monfils G.,23,28,1295,1099,2,6,7,5,6,3,,,,,2,1,Completed,1.5,2.5,1.55,2.4,1.48,2.53,1.568,2.66,1.48,2.55
11,Marseille,Open 13,2/15/06,International,Indoor,Hard,1st Round,3,Ancic M.,Baghdatis M.,21,27,1390,1219,6,2,6,7,6,4,,,,,2,1,Completed,1.9,1.8,1.93,1.83,1.95,1.8,2.08,1.847,1.96,1.8
11,Marseille,Open 13,2/16/06,International,Indoor,Hard,2nd Round,3,Mathieu P.H.,Stepanek R.,35,22,858,1355,7,6,6,3,,,,,,,2,0,Completed,2.75,1.39,2.9,1.4,2.45,1.5,3.04,1.446,2.55,1.48
11,Marseille,Open 13,2/16/06,International,Indoor,Hard,2nd Round,3,Ljubicic I.,Andreev I.,5,25,2395,1255,7,6,6,4,,,,,,,2,0,Completed,1.25,3.75,1.22,4.1,1.2,4.25,1.27,4.41,1.23,3.8
11,Marseille,Open 13,2/16/06,International,Indoor,Hard,2nd Round,3,Santoro F.,Rusedski G.,41,45,825,800,6,3,6,2,,,,,,,2,0,Completed,1.61,2.2,1.67,2.15,1.65,2.15,1.556,2.7,1.65,2.2
11,Marseille,Open 13,2/16/06,International,Indoor,Hard,2nd Round,3,Clement A.,Verdasco F.,65,31,576,925,7,6,6,3,,,,,,,2,0,Completed,2,1.72,2,1.77,2.15,1.65,2.09,1.84,1.95,1.8
11,Marseille,Open 13,2/16/06,International,Indoor,Hard,2nd Round,3,Korolev E.,Davydenko N.,188,6,206,2355,6,4,7,6,,,,,,,2,0,Completed,,,,,,,,,,
11,Marseille,Open 13,2/16/06,International,Indoor,Hard,2nd Round,3,Ancic M.,Faurel J.C.,21,175,1390,220,6,3,6,3,,,,,,,2,0,Completed,1.16,4.5,1.25,3.85,1.25,3.9,1.243,4.71,,
11,Marseille,Open 13,2/16/06,International,Indoor,Hard,2nd Round,3,Nadal R.,Simon G.,2,80,4615,486,7,5,6,4,,,,,,,2,0,Completed,1.16,4.5,1.18,4.7,1.2,4.25,1.244,4.7,1.2,4.25
11,Marseille,Open 13,2/16/06,International,Indoor,Hard,2nd Round,3,Grosjean S.,Youzhny M.,23,47,1295,765,6,3,6,1,,,,,,,2,0,Completed,1.5,2.5,1.48,2.6,1.45,2.6,1.513,2.75,1.45,2.65
11,Marseille,Open 13,2/17/06,International,Indoor,Hard,Quarterfinals,3,Ancic M.,Ljubicic I.,21,5,1390,2395,7,6,3,6,6,3,,,,,2,1,Completed,3,1.36,3,1.37,3.1,1.35,3.13,1.429,3.12,1.34
11,Marseille,Open 13,2/17/06,International,Indoor,Hard,Quarterfinals,3,Clement A.,Santoro F.,65,41,576,825,7,5,4,6,7,6,,,,,2,1,Completed,2.62,1.44,2.6,1.48,2.45,1.5,2.81,1.498,2.58,1.48
11,Marseille,Open 13,2/17/06,International,Indoor,Hard,Quarterfinals,3,Nadal R.,Mathieu P.H.,2,35,4615,858,7,5,6,4,,,,,,,2,0,Completed,1.28,3.5,1.28,3.55,1.3,3.35,1.317,3.85,1.31,3.35
11,Marseille,Open 13,2/17/06,International,Indoor,Hard,Quarterfinals,3,Grosjean S.,Korolev E.,23,188,1295,206,7,6,6,3,,,,,,,2,0,Completed,1.14,5,1.12,6,1.1,6.75,1.167,6.4,1.1,6.5
11,Marseille,Open 13,2/18/06,International,Indoor,Hard,Semifinals,3,Clement A.,Nadal R.,65,2,576,4615,2,6,6,3,7,5,,,,,2,1,Completed,5,1.14,5.4,1.14,5.2,1.15,6.4,1.167,5.1,1.15
11,Marseille,Open 13,2/18/06,International,Indoor,Hard,Semifinals,3,Ancic M.,Grosjean S.,21,23,1390,1295,6,3,3,6,6,3,,,,,2,1,Completed,1.83,1.83,1.93,1.83,1.93,1.81,1.943,1.962,2.04,1.74
11,Marseille,Open 13,2/19/06,International,Indoor,Hard,The Final,3,Clement A.,Ancic M.,65,21,576,1390,6,4,6,2,,,,,,,2,0,Completed,3,1.36,3.1,1.37,3.1,1.35,2.96,1.463,3.1,1.35
12,San Jose,SAP Open,2/13/06,International,Indoor,Hard,1st Round,3,Phau B.,Saulnier C.,84,122,453,350,6,4,7,5,,,,,,,2,0,Completed,1.8,1.9,1.93,1.85,2.1,1.7,2.08,1.847,2.1,1.7
12,San Jose,SAP Open,2/13/06,International,Indoor,Hard,1st Round,3,Spadea V.,Querry S.,79,534,500,43,6,7,6,4,6,2,,,,,2,1,Completed,,,,,,,,,,
12,San Jose,SAP Open,2/14/06,International,Indoor,Hard,1st Round,3,Rettenmaier T.,Jenkins S.,297,246,105,142,7,5,3,6,6,3,,,,,2,1,Completed,,,,,,,,,,
12,San Jose,SAP Open,2/14/06,International,Indoor,Hard,1st Round,3,Warburg S.,Johansson J.,394,234,75,150,6,3,4,6,6,3,,,,,2,1,Completed,,,,,,,,,,
12,San Jose,SAP Open,2/14/06,International,Indoor,Hard,1st Round,3,Murray A.,Fish M.,60,289,593,110,6,2,6,2,,,,,,,2,0,Completed,1.36,2.87,1.37,3,1.32,3.22,1.368,3.52,1.36,3
12,San Jose,SAP Open,2/14/06,International,Indoor,Hard,1st Round,3,Wilson B.,Karlovic I.,539,61,42,590,7,6,7,6,,,,,,,2,0,Completed,,,5.25,1.15,4.85,1.05,6.06,1.18,,
12,San Jose,SAP Open,2/14/06,International,Indoor,Hard,1st Round,3,Gimelstob J.,Rehnquist B.,98,271,405,121,6,1,6,4,,,,,,,2,0,Completed,1.28,3.25,1.33,3.2,1.25,2.9,1.356,3.61,1.38,2.9
12,San Jose,SAP Open,2/15/06,International,Indoor,Hard,1st Round,3,Soderling R.,Pavel A.,97,81,405,485,6,3,6,4,,,,,,,2,0,Completed,1.61,2.2,1.6,2.3,1.76,1.99,1.735,2.26,1.7,2.1
12,San Jose,SAP Open,2/15/06,International,Indoor,Hard,1st Round,3,Roddick A.,Garcia-Lopez G.,3,89,2720,438,6,3,6,4,,,,,,,2,0,Completed,,,1.12,6,1.13,5.5,1.146,7.15,1.14,5.25
12,San Jose,SAP Open,2/15/06,International,Indoor,Hard,1st Round,3,Wang Y.T.,Blake J.,88,20,439,1430,6,3,7,5,,,,,,,2,0,Completed,6,1.1,7.25,1.08,6.75,1.1,10.5,1.087,6.5,1.1
12,San Jose,SAP Open,2/15/06,International,Indoor,Hard,1st Round,3,Vliegen K.,Schuettler R.,74,96,537,408,6,1,6,3,,,,,,,2,0,Completed,1.5,2.5,,,1.5,2.45,1.51,2.81,1.4,2.84
12,San Jose,SAP Open,2/15/06,International,Indoor,Hard,1st Round,3,Carlsen K.,Dlouhy L.,69,75,555,525,3,6,6,2,6,1,,,,,2,1,Completed,1.53,2.37,1.6,2.3,1.5,2.45,1.571,2.65,1.52,2.45
12,San Jose,SAP Open,2/15/06,International,Indoor,Hard,1st Round,3,Tursunov D.,Bjorkman J.,50,64,725,578,4,6,6,3,6,2,,,,,2,1,Completed,1.22,3.75,1.25,3.85,1.2,4.25,1.262,4.51,1.18,4.55
12,San Jose,SAP Open,2/16/06,International,Indoor,Hard,1st Round,3,Arthurs W.,Reynolds B.,94,108,416,378,4,6,7,5,7,5,,,,,2,1,Completed,1.83,1.83,2,1.77,2,1.75,1.952,1.952,1.95,1.8
12,San Jose,SAP Open,2/16/06,International,Indoor,Hard,1st Round,3,Philippoussis M.,Robredo T.,161,14,248,1565,3,6,7,5,7,5,,,,,2,1,Completed,2.87,1.36,3,1.37,2.85,1.4,3.22,1.413,2.92,1.38
12,San Jose,SAP Open,2/16/06,International,Indoor,Hard,1st Round,3,Hewitt L.,Goldstein P.,11,72,1665,542,6,4,6,2,,,,,,,2,0,Completed,1.16,4.5,1.17,4.75,1.22,4,1.216,5.24,1.21,4.15
12,San Jose,SAP Open,2/15/06,International,Indoor,Hard,2nd Round,3,Spadea V.,Rettenmaier T.,79,297,500,105,6,2,6,0,,,,,,,2,0,Completed,1.22,4,1.2,4.4,1.2,4.25,1.282,4.25,1.23,3.9
12,San Jose,SAP Open,2/16/06,International,Indoor,Hard,2nd Round,3,Phau B.,Wilson B.,84,539,453,42,7,5,7,5,,,,,,,2,0,Completed,1.44,2.62,1.45,2.7,1.4,2.85,1.467,2.94,1.36,3
12,San Jose,SAP Open,2/16/06,International,Indoor,Hard,2nd Round,3,Vliegen K.,Gimelstob J.,74,98,537,405,7,6,4,6,6,1,,,,,2,1,Completed,1.61,2.2,1.67,2.15,1.6,2.25,1.741,2.25,1.65,2.18
12,San Jose,SAP Open,2/16/06,International,Indoor,Hard,2nd Round,3,Soderling R.,Philippoussis M.,97,161,405,248,6,2,6,3,,,,,,,2,0,Completed,1.44,2.62,1.37,3,,,1.407,3.26,1.38,2.92
12,San Jose,SAP Open,2/16/06,International,Indoor,Hard,2nd Round,3,Arthurs W.,Tursunov D.,94,50,416,725,6,3,6,7,6,3,,,,,2,1,Completed,3.5,1.28,3.55,1.28,,,3.7,1.333,3.6,1.26
12,San Jose,SAP Open,2/17/06,International,Indoor,Hard,2nd Round,3,Hewitt L.,Warburg S.,11,394,1665,75,6,4,6,3,,,,,,,2,0,Completed,1.05,8.5,1.05,9,,,,,,
12,San Jose,SAP Open,2/17/06,International,Indoor,Hard,2nd Round,3,Roddick A.,Carlsen K.,3,69,2720,555,6,3,1,6,6,3,,,,,2,1,Completed,1.08,7,1.08,7.25,1.07,7.19,1.091,10,1.08,6.95
12,San Jose,SAP Open,2/17/06,International,Indoor,Hard,2nd Round,3,Murray A.,Wang Y.T.,60,88,593,439,6,4,6,2,,,,,,,2,0,Completed,1.33,3.25,1.35,3.1,1.3,3.35,1.353,3.63,1.31,3.28
12,San Jose,SAP Open,2/17/06,International,Indoor,Hard,Quarterfinals,3,Spadea V.,Vliegen K.,79,74,500,537,6,1,2,6,6,3,,,,,2,1,Completed,1.72,2,1.82,1.95,1.7,2.05,1.971,1.935,1.8,1.95
12,San Jose,SAP Open,2/17/06,International,Indoor,Hard,Quarterfinals,3,Hewitt L.,Arthurs W.,11,94,1665,416,7,6,6,2,,,,,,,2,0,Completed,1.14,5,1.12,6,1.1,6.75,1.177,6.05,1.12,5.75
12,San Jose,SAP Open,2/17/06,International,Indoor,Hard,Quarterfinals,3,Murray A.,Soderling R.,60,97,593,405,4,6,7,5,6,4,,,,,2,1,Completed,1.83,1.83,2,1.77,1.99,1.76,1.98,1.926,1.92,1.84
12,San Jose,SAP Open,2/18/06,International,Indoor,Hard,Quarterfinals,3,Roddick A.,Phau B.,3,84,2720,453,6,3,6,2,,,,,,,2,0,Completed,1.07,7.5,1.05,9,1.07,7.19,1.093,9.75,1.06,8.75
12,San Jose,SAP Open,2/18/06,International,Indoor,Hard,Semifinals,3,Hewitt L.,Spadea V.,11,79,1665,500,6,3,6,4,,,,,,,2,0,Completed,1.16,4.5,1.17,4.85,1.17,4.67,1.217,5.21,1.18,4.55
12,San Jose,SAP Open,2/19/06,International,Indoor,Hard,Semifinals,3,Murray A.,Roddick A.,60,3,593,2720,7,5,7,5,,,,,,,2,0,Completed,4.33,1.19,4.25,1.21,4.06,1.21,5,1.227,4.2,1.22
12,San Jose,SAP Open,2/20/06,International,Indoor,Hard,The Final,3,Murray A.,Hewitt L.,60,11,593,1665,2,6,6,1,7,6,,,,,2,1,Completed,2.62,1.44,3.1,1.37,3.15,1.35,3.15,1.426,3.3,1.32
13,Costa Do Sauipe,Brasil Open,2/20/06,International,Outdoor,Clay,1st Round,3,Vanek J.,Montanes A.,121,66,350,571,7,6,6,1,,,,,,,2,0,Completed,2.62,1.44,2.6,1.48,2.4,1.53,2.8,1.5,2.5,1.5
13,Costa Do Sauipe,Brasil Open,2/20/06,International,Outdoor,Clay,1st Round,3,Vicente F.,Berlocq C.,100,78,399,503,6,4,2,0,,,,,,,1,0,Retired,1.83,1.83,1.83,1.93,1.85,1.9,2.01,1.901,1.8,1.96
13,Costa Do Sauipe,Brasil Open,2/21/06,International,Outdoor,Clay,1st Round,3,Mello R.,Marin J.A.,183,101,213,396,7,6,3,6,6,0,,,,,2,1,Completed,2,1.72,2.2,1.65,2.05,1.75,2.26,1.735,2.15,1.66
13,Costa Do Sauipe,Brasil Open,2/21/06,International,Outdoor,Clay,1st Round,3,Gaudio G.,Portas A.,9,108,1950,373,6,3,3,6,6,3,,,,,2,1,Completed,1.1,6,1.12,6,1.15,5.2,1.154,6.88,1.14,5.3
13,Costa Do Sauipe,Brasil Open,2/21/06,International,Outdoor,Clay,1st Round,3,Monaco J.,Del Potro J.M.,77,153,507,270,7,5,7,5,,,,,,,2,0,Completed,2.2,1.61,2.4,1.55,2.3,1.6,2.38,1.676,2.05,1.73
13,Costa Do Sauipe,Brasil Open,2/21/06,International,Outdoor,Clay,1st Round,3,Serra F.,Dlouhy L.,37,75,848,525,6,3,2,6,6,4,,,,,2,1,Completed,1.5,2.5,1.55,2.4,1.45,2.6,1.633,2.48,1.45,2.65
13,Costa Do Sauipe,Brasil Open,2/21/06,International,Outdoor,Clay,1st Round,3,Patience O.,Sabau R.,139,112,298,361,7,6,6,3,,,,,,,2,0,Completed,1.44,2.62,,,,,1.457,2.99,,
13,Costa Do Sauipe,Brasil Open,2/21/06,International,Outdoor,Clay,1st Round,3,Ghem A.,Kuerten G.,313,287,102,115,3,6,6,3,6,4,,,,,2,1,Completed,,,,,,,3.4,1.385,,
13,Costa Do Sauipe,Brasil Open,2/21/06,International,Outdoor,Clay,1st Round,3,Volandri F.,Kim K.,31,117,955,356,3,6,6,3,6,0,,,,,2,1,Completed,1.12,5.5,1.12,6,1.15,5.2,1.198,5.55,1.11,6.1
13,Costa Do Sauipe,Brasil Open,2/21/06,International,Outdoor,Clay,1st Round,3,Martin A.,Horna L.,68,67,561,562,6,4,7,5,,,,,,,2,0,Completed,1.57,2.25,1.65,2.2,1.55,2.35,1.69,2.35,1.6,2.26
13,Costa Do Sauipe,Brasil Open,2/21/06,International,Outdoor,Clay,1st Round,3,Massu N.,Daniel M.,55,92,670,429,7,6,6,1,,,,,,,2,0,Completed,1.19,4,1.22,4.1,1.2,4.25,1.272,4.37,1.21,4.2
13,Costa Do Sauipe,Brasil Open,2/21/06,International,Outdoor,Clay,1st Round,3,Pashanski B.,Behrend T.,58,102,648,391,6,3,1,6,6,3,,,,,2,1,Completed,1.5,2.5,1.6,2.3,1.5,2.45,1.578,2.63,,
13,Costa Do Sauipe,Brasil Open,2/21/06,International,Outdoor,Clay,1st Round,3,Chela J.I.,Gimeno-Traver D.,44,179,770,222,7,6,6,3,,,,,,,2,0,Completed,1.28,3.25,1.35,3.1,1.35,3.1,1.41,3.24,1.36,3
13,Costa Do Sauipe,Brasil Open,2/22/06,International,Outdoor,Clay,1st Round,3,Almagro N.,Sa A.,114,241,357,143,6,1,7,6,,,,,,,2,0,Completed,1.19,4,,,1.2,4.25,1.214,5.28,1.2,4.2
13,Costa Do Sauipe,Brasil Open,2/22/06,International,Outdoor,Clay,1st Round,3,Starace P.,Navarro-Pastor I.,94,130,428,314,6,3,3,6,6,3,,,,,2,1,Completed,,,,,,,,,,
13,Costa Do Sauipe,Brasil Open,2/22/06,International,Outdoor,Clay,1st Round,3,Saretta F.,Ferrero J.C.,85,16,452,1535,6,4,6,3,,,,,,,2,0,Completed,4,1.19,3.85,1.25,3.9,1.25,4,1.303,3.85,1.24
13,Costa Do Sauipe,Brasil Open,2/22/06,International,Outdoor,Clay,2nd Round,3,Patience O.,Gaudio G.,139,9,298,1950,6,2,6,2,,,,,,,2,0,Completed,5.5,1.12,5.65,1.13,5.2,1.15,5.64,1.195,4.85,1.16
13,Costa Do Sauipe,Brasil Open,2/22/06,International,Outdoor,Clay,2nd Round,3,Vanek J.,Volandri F.,121,31,350,955,6,0,6,1,,,,,,,2,0,Completed,3.25,1.33,3.2,1.33,2.75,1.42,3.14,1.427,2.82,1.4
13,Costa Do Sauipe,Brasil Open,2/22/06,International,Outdoor,Clay,2nd Round,3,Monaco J.,Serra F.,77,37,507,848,6,1,6,1,,,,,,,2,0,Completed,,,,,,,,,2.08,1.7
13,Costa Do Sauipe,Brasil Open,2/22/06,International,Outdoor,Clay,2nd Round,3,Martin A.,Ghem A.,68,313,561,102,6,2,3,6,6,3,,,,,2,1,Completed,1.16,4.5,1.22,4.1,1.2,4.25,1.215,5.25,1.18,4.5
13,Costa Do Sauipe,Brasil Open,2/22/06,International,Outdoor,Clay,2nd Round,3,Massu N.,Vicente F.,55,100,670,399,3,6,7,6,6,3,,,,,2,1,Completed,,,1.3,3.4,1.25,3.9,1.304,3.99,1.25,3.75
13,Costa Do Sauipe,Brasil Open,2/22/06,International,Outdoor,Clay,2nd Round,3,Chela J.I.,Starace P.,44,94,770,428,6,4,7,5,,,,,,,2,0,Completed,1.53,2.37,1.6,2.3,1.5,2.45,1.667,2.4,1.58,2.3
13,Costa Do Sauipe,Brasil Open,2/22/06,International,Outdoor,Clay,2nd Round,3,Pashanski B.,Mello R.,58,183,648,213,6,2,6,3,,,,,,,2,0,Completed,,,1.65,2.2,1.75,2,1.699,2.33,1.55,2.36
13,Costa Do Sauipe,Brasil Open,2/23/06,International,Outdoor,Clay,2nd Round,3,Almagro N.,Saretta F.,114,85,357,452,7,5,7,5,,,,,,,2,0,Completed,2,1.72,2.05,1.75,1.85,1.9,2.11,1.826,2,1.77
13,Costa Do Sauipe,Brasil Open,2/23/06,International,Outdoor,Clay,Quarterfinals,3,Monaco J.,Chela J.I.,77,44,507,770,6,3,6,2,,,,,,,2,0,Completed,2.2,1.61,2.15,1.67,2.28,1.58,2.18,1.781,2.25,1.61
13,Costa Do Sauipe,Brasil Open,2/23/06,International,Outdoor,Clay,Quarterfinals,3,Martin A.,Vanek J.,68,121,561,350,7,6,6,3,,,,,,,2,0,Completed,1.5,2.5,,,1.4,2.85,1.538,2.76,1.46,2.6
13,Costa Do Sauipe,Brasil Open,2/23/06,International,Outdoor,Clay,Quarterfinals,3,Massu N.,Almagro N.,55,114,670,357,7,6,6,3,,,,,,,2,0,Completed,1.5,2.5,1.53,2.45,1.5,2.45,1.621,2.51,1.64,2.18
13,Costa Do Sauipe,Brasil Open,2/23/06,International,Outdoor,Clay,Quarterfinals,3,Patience O.,Pashanski B.,139,58,298,648,4,6,6,3,6,2,,,,,2,1,Completed,,,1.48,2.6,1.42,2.75,1.513,2.82,1.5,2.5
13,Costa Do Sauipe,Brasil Open,2/24/06,International,Outdoor,Clay,Semifinals,3,Martin A.,Patience O.,68,139,561,298,6,2,5,7,7,6,,,,,2,1,Completed,1.53,2.37,1.48,2.6,1.5,2.45,1.467,2.94,1.52,2.45
13,Costa Do Sauipe,Brasil Open,2/25/06,International,Outdoor,Clay,Semifinals,3,Massu N.,Monaco J.,55,77,670,507,2,6,6,2,7,5,,,,,2,1,Completed,1.66,2.1,1.7,2.1,1.7,2.1,1.87,2.05,1.72,2.05
13,Costa Do Sauipe,Brasil Open,2/25/06,International,Outdoor,Clay,The Final,3,Massu N.,Martin A.,55,68,670,561,6,3,6,4,,,,,,,2,0,Completed,1.61,2.2,1.73,2.1,1.65,2.15,1.685,2.36,1.7,2.1
14,Memphis,Regions Morgan Keegan Championships,2/20/06,International Gold,Indoor,Hard,1st Round,3,Saulnier C.,Garcia-Lopez G.,124,90,330,431,6,3,6,4,,,,,,,2,0,Completed,2.37,1.53,2.2,1.65,,,2.67,1.565,2.22,1.63
14,Memphis,Regions Morgan Keegan Championships,2/20/06,International Gold,Indoor,Hard,1st Round,3,Capdeville P.,Robredo T.,127,14,316,1565,4,6,7,6,6,4,,,,,2,1,Completed,4.5,1.16,3.85,1.25,,,4.48,1.265,4.05,1.22
14,Memphis,Regions Morgan Keegan Championships,2/20/06,International Gold,Indoor,Hard,1st Round,3,Malisse X.,Phau B.,45,79,766,488,6,1,6,4,,,,,,,2,0,Completed,1.3,3.2,1.28,3.55,1.25,3.75,1.282,4.25,1.27,3.55
14,Memphis,Regions Morgan Keegan Championships,2/21/06,International Gold,Indoor,Hard,1st Round,3,Carlsen K.,Luczak P.,126,143,320,288,7,6,6,3,,,,,,,2,0,Completed,1.53,2.37,1.6,2.3,,,1.575,2.64,1.6,2.25
14,Memphis,Regions Morgan Keegan Championships,2/21/06,International Gold,Indoor,Hard,1st Round,3,Benneteau J.,Wang Y.T.,122,88,340,439,3,6,6,3,7,6,,,,,2,1,Completed,2.1,1.66,1.93,1.83,1.85,1.9,1.962,1.943,2,1.77
14,Memphis,Regions Morgan Keegan Championships,2/21/06,International Gold,Indoor,Hard,1st Round,3,Soderling R.,Mirnyi M.,87,49,440,735,6,0,6,1,,,,,,,2,0,Completed,1.66,2.1,1.6,2.3,1.65,2.2,1.662,2.41,1.63,2.2
14,Memphis,Regions Morgan Keegan Championships,2/21/06,International Gold,Indoor,Hard,1st Round,3,Arthurs W.,Zib T.,91,62,431,590,6,4,7,6,,,,,,,2,0,Completed,1.61,2.2,1.67,2.15,1.53,2.4,1.613,2.53,1.58,2.3
14,Memphis,Regions Morgan Keegan Championships,2/21/06,International Gold,Indoor,Hard,1st Round,3,Vliegen K.,Blake J.,65,20,576,1430,6,4,6,4,,,,,,,2,0,Completed,3,1.33,3.2,1.33,3.1,1.35,3.45,1.377,2.92,1.38
14,Memphis,Regions Morgan Keegan Championships,2/21/06,International Gold,Indoor,Hard,1st Round,3,Tursunov D.,Ginepri R.,50,18,735,1465,7,5,7,6,,,,,,,2,0,Completed,2,1.72,2,1.77,2.05,1.75,2.09,1.84,2,1.77
14,Memphis,Regions Morgan Keegan Championships,2/21/06,International Gold,Indoor,Hard,1st Round,3,Karlovic I.,Pless K.,61,156,590,256,6,7,7,6,6,4,,,,,2,1,Completed,1.36,2.87,1.4,2.85,1.4,2.85,1.465,2.95,1.44,2.68
14,Memphis,Regions Morgan Keegan Championships,2/22/06,International Gold,Indoor,Hard,1st Round,3,Roddick A.,Fish M.,3,341,2685,90,6,3,6,7,7,6,,,,,2,1,Completed,1.05,8,1.08,7.5,1.06,7.79,1.078,11.24,1.07,8.5
14,Memphis,Regions Morgan Keegan Championships,2/22/06,International Gold,Indoor,Hard,1st Round,3,Murray A.,Schuettler R.,47,98,763,408,1,6,7,5,6,2,,,,,2,1,Completed,1.19,4,1.22,4.1,1.21,4.06,1.274,4.35,1.27,3.6
14,Memphis,Regions Morgan Keegan Championships,2/22/06,International Gold,Indoor,Hard,1st Round,3,Goldstein P.,Jenkins S.,73,244,542,142,6,4,6,3,,,,,,,2,0,Completed,1.36,2.87,1.37,3,1.34,3.12,1.538,2.76,1.36,3
14,Memphis,Regions Morgan Keegan Championships,2/22/06,International Gold,Indoor,Hard,1st Round,3,Haas T.,Gimelstob J.,30,95,970,417,2,1,,,,,,,,,0,0,Retired,1.16,4.5,1.2,4.4,1.17,4.67,1.238,4.8,1.2,4.25
14,Memphis,Regions Morgan Keegan Championships,2/22/06,International Gold,Indoor,Hard,1st Round,3,Spadea V.,Reynolds B.,71,106,550,378,6,2,5,7,7,6,,,,,2,1,Completed,1.33,3,1.33,3.2,1.34,3.12,1.452,3.01,1.33,3.15
14,Memphis,Regions Morgan Keegan Championships,2/23/06,International Gold,Indoor,Hard,1st Round,3,de Voest R.,Bjorkman J.,149,64,278,578,6,4,6,3,,,,,,,2,0,Completed,,,,,,,,,,
14,Memphis,Regions Morgan Keegan Championships,2/23/06,International Gold,Indoor,Hard,2nd Round,3,Roddick A.,Arthurs W.,3,91,2685,431,6,7,7,6,7,6,,,,,2,1,Completed,1.14,5,1.18,4.65,1.17,4.67,1.233,4.9,1.17,4.7
14,Memphis,Regions Morgan Keegan Championships,2/23/06,International Gold,Indoor,Hard,2nd Round,3,Benneteau J.,Malisse X.,122,45,340,766,7,6,6,4,,,,,,,2,0,Completed,4,1.22,3.85,1.25,4.25,1.2,4.1,1.294,4.05,1.22
14,Memphis,Regions Morgan Keegan Championships,2/23/06,International Gold,Indoor,Hard,2nd Round,3,Vliegen K.,Goldstein P.,65,73,576,542,6,1,6,4,,,,,,,2,0,Completed,1.44,2.62,1.45,2.7,1.5,2.45,1.474,2.91,1.44,2.7
14,Memphis,Regions Morgan Keegan Championships,2/23/06,International Gold,Indoor,Hard,2nd Round,3,Capdeville P.,Karlovic I.,127,61,316,590,7,6,3,6,7,5,,,,,2,1,Completed,3,1.36,2.7,1.45,3.22,1.32,3.12,1.431,2.82,1.4
14,Memphis,Regions Morgan Keegan Championships,2/23/06,International Gold,Indoor,Hard,2nd Round,3,Soderling R.,Carlsen K.,87,126,440,320,7,6,6,4,,,,,,,2,0,Completed,1.3,3.39,1.35,3.1,1.28,3.46,1.362,3.56,1.27,3.6
14,Memphis,Regions Morgan Keegan Championships,2/23/06,International Gold,Indoor,Hard,2nd Round,3,Tursunov D.,Saulnier C.,50,124,735,330,6,0,6,7,6,3,,,,,2,1,Completed,1.33,3.25,1.35,3.1,1.32,3.22,1.391,3.36,1.35,3.1
14,Memphis,Regions Morgan Keegan Championships,2/23/06,International Gold,Indoor,Hard,2nd Round,3,Murray A.,de Voest R.,47,149,763,278,7,6,3,6,7,5,,,,,2,1,Completed,1.12,5.5,1.14,5.4,,,1.154,6.8,1.16,4.85
14,Memphis,Regions Morgan Keegan Championships,2/24/06,International Gold,Indoor,Hard,2nd Round,3,Haas T.,Spadea V.,30,71,970,550,7,6,6,1,,,,,,,2,0,Completed,1.19,4.33,1.22,4.1,1.2,4.25,1.211,5.35,1.46,2.65
14,Memphis,Regions Morgan Keegan Championships,2/24/06,International Gold,Indoor,Hard,Quarterfinals,3,Vliegen K.,Capdeville P.,65,127,576,316,3,6,7,6,6,4,,,,,2,1,Completed,1.36,3,1.4,2.85,1.36,2.97,1.398,3.31,1.4,2.85
14,Memphis,Regions Morgan Keegan Championships,2/24/06,International Gold,Indoor,Hard,Quarterfinals,3,Soderling R.,Murray A.,87,47,440,763,6,1,6,4,,,,,,,2,0,Completed,1.72,2,1.65,2.2,1.6,2.25,1.725,2.28,1.62,2.22
14,Memphis,Regions Morgan Keegan Championships,2/24/06,International Gold,Indoor,Hard,Quarterfinals,3,Haas T.,Tursunov D.,30,50,970,735,6,7,6,4,6,4,,,,,2,1,Completed,1.39,2.75,1.4,2.85,1.45,2.6,1.469,2.93,1.46,2.65
14,Memphis,Regions Morgan Keegan Championships,2/25/06,International Gold,Indoor,Hard,Quarterfinals,3,Benneteau J.,Roddick A.,122,3,340,2685,3,6,6,4,7,6,,,,,2,1,Completed,5.5,1.12,5.65,1.13,5.2,1.15,5.97,1.18,4.7,1.17
14,Memphis,Regions Morgan Keegan Championships,2/25/06,International Gold,Indoor,Hard,Semifinals,3,Soderling R.,Vliegen K.,87,65,440,576,7,5,2,6,7,6,,,,,2,1,Completed,1.36,3,1.37,3.1,1.35,3.1,1.481,2.88,1.43,2.75
14,Memphis,Regions Morgan Keegan Championships,2/25/06,International Gold,Indoor,Hard,Semifinals,3,Haas T.,Benneteau J.,30,122,970,340,6,3,6,1,,,,,,,2,0,Completed,1.22,4,1.22,4.25,1.25,3.9,1.267,4.45,1.21,4.1
14,Memphis,Regions Morgan Keegan Championships,2/26/06,International Gold,Indoor,Hard,The Final,3,Haas T.,Soderling R.,30,87,970,440,6,3,6,2,,,,,,,2,0,Completed,1.5,2.5,1.53,2.45,1.58,2.28,1.559,2.69,1.5,2.5
15,Rotterdam,ABN AMRO World Tennis Tournament,2/20/06,International Gold,Indoor,Hard,1st Round,3,Simon G.,Moodie W.,81,69,482,560,6,3,6,7,6,3,,,,,2,1,Completed,,,1.53,2.45,1.53,2.4,1.485,2.86,1.55,2.38
15,Rotterdam,ABN AMRO World Tennis Tournament,2/20/06,International Gold,Indoor,Hard,1st Round,3,Rusedski G.,Vik R.,43,74,800,541,6,3,7,5,,,,,,,2,0,Completed,1.53,2.37,1.55,2.4,1.45,2.6,1.485,2.86,1.52,2.44
15,Rotterdam,ABN AMRO World Tennis Tournament,2/20/06,International Gold,Indoor,Hard,1st Round,3,Davydenko N.,Hernych J.,6,84,2355,455,6,3,6,3,,,,,,,2,0,Completed,1.14,5,1.18,4.65,1.2,4.25,1.222,5.1,1.18,4.6
15,Rotterdam,ABN AMRO World Tennis Tournament,2/20/06,International Gold,Indoor,Hard,1st Round,3,Meffert D.,Sluiter R.,236,82,146,468,2,4,,,,,,,,,0,0,Retired,2.87,1.36,2.85,1.4,3.35,1.3,3.39,1.386,3.2,1.33
15,Rotterdam,ABN AMRO World Tennis Tournament,2/20/06,International Gold,Indoor,Hard,1st Round,3,Dent T.,Berdych T.,41,24,810,1280,6,4,7,5,,,,,,,2,0,Completed,2.1,1.66,2,1.77,2.1,1.7,2.1,1.833,2.05,1.73
15,Rotterdam,ABN AMRO World Tennis Tournament,2/21/06,International Gold,Indoor,Hard,1st Round,3,Rochus C.,Lisnard J.,52,134,716,310,3,6,7,6,6,4,,,,,2,1,Completed,1.72,2,1.7,2.1,1.65,2.2,1.746,2.24,,
15,Rotterdam,ABN AMRO World Tennis Tournament,2/21/06,International Gold,Indoor,Hard,1st Round,3,Bracciali D.,Andreev I.,76,25,513,1255,6,2,6,3,,,,,,,2,0,Completed,3,1.33,3.2,1.33,2.85,1.4,3.46,1.376,,
15,Rotterdam,ABN AMRO World Tennis Tournament,2/21/06,International Gold,Indoor,Hard,1st Round,3,Parmar A.,Srichaphan P.,230,57,152,655,7,6,5,7,7,6,,,,,2,1,Completed,6,1.1,5,1.16,,,6.77,1.157,,
15,Rotterdam,ABN AMRO World Tennis Tournament,2/21/06,International Gold,Indoor,Hard,1st Round,3,Rochus O.,Melzer J.,32,70,930,550,7,6,4,6,7,6,,,,,2,1,Completed,1.44,2.62,1.53,2.4,1.45,2.6,1.485,2.86,1.48,2.55
15,Rotterdam,ABN AMRO World Tennis Tournament,2/21/06,International Gold,Indoor,Hard,1st Round,3,Santoro F.,Mathieu P.H.,36,34,855,893,6,3,6,3,,,,,,,2,0,Completed,1.61,2.2,1.7,2.1,1.64,2.17,1.633,2.48,1.6,2.25
15,Rotterdam,ABN AMRO World Tennis Tournament,2/21/06,International Gold,Indoor,Hard,1st Round,3,Djokovic N.,Seppi A.,72,53,548,710,6,2,2,6,7,5,,,,,2,1,Completed,1.5,2.5,1.65,2.2,1.55,2.35,1.637,2.47,1.56,2.35
15,Rotterdam,ABN AMRO World Tennis Tournament,2/21/06,International Gold,Indoor,Hard,1st Round,3,Calatrava A.,Van der Dium A.,211,995,181,8,6,2,7,6,,,,,,,2,0,Completed,,,,,,,1.488,2.85,,
15,Rotterdam,ABN AMRO World Tennis Tournament,2/21/06,International Gold,Indoor,Hard,1st Round,3,Ferrer D.,Minar I.,11,97,1730,410,6,2,6,3,,,,,,,2,0,Completed,1.22,4,1.3,3.4,1.25,3.9,1.29,4.15,1.24,3.85
15,Rotterdam,ABN AMRO World Tennis Tournament,2/22/06,International Gold,Indoor,Hard,1st Round,3,Stepanek R.,Lammer M.,23,210,1355,181,6,4,6,2,,,,,,,2,0,Completed,1.12,5.5,1.14,5.4,1.1,6.75,1.138,7.55,1.14,5.3
15,Rotterdam,ABN AMRO World Tennis Tournament,2/22/06,International Gold,Indoor,Hard,1st Round,3,Nieminen J.,Ancic M.,26,21,1230,1420,7,5,7,6,,,,,,,2,0,Completed,2.1,1.66,2.05,1.75,2.12,1.67,2.28,1.725,2.1,1.7
15,Rotterdam,ABN AMRO World Tennis Tournament,2/22/06,International Gold,Indoor,Hard,1st Round,3,Henman T.,Johansson T.,40,13,815,1590,6,4,6,4,,,,,,,2,0,Completed,2.1,1.66,2.15,1.67,2.15,1.65,2.47,1.637,2.15,1.67
15,Rotterdam,ABN AMRO World Tennis Tournament,2/22/06,International Gold,Indoor,Hard,2nd Round,3,Parmar A.,Meffert D.,230,236,152,146,6,3,6,3,,,,,,,2,0,Completed,1.83,1.83,1.93,1.83,1.87,1.87,1.943,1.962,1.9,1.85
15,Rotterdam,ABN AMRO World Tennis Tournament,2/22/06,International Gold,Indoor,Hard,2nd Round,3,Davydenko N.,Rusedski G.,6,43,2355,800,6,4,6,1,,,,,,,2,0,Completed,1.33,3.25,1.35,3.1,1.28,3.46,1.365,3.54,1.28,3.5
15,Rotterdam,ABN AMRO World Tennis Tournament,2/22/06,International Gold,Indoor,Hard,2nd Round,3,Rochus C.,Dent T.,52,41,716,810,7,6,,,,,,,,,1,0,Retired,3.75,1.25,3.2,1.33,3.59,1.26,3.83,1.319,3.5,1.28
15,Rotterdam,ABN AMRO World Tennis Tournament,2/23/06,International Gold,Indoor,Hard,2nd Round,3,Bracciali D.,Calatrava A.,76,211,513,181,4,6,6,2,7,6,,,,,2,1,Completed,1.28,3.5,1.25,4.1,1.21,4.06,1.279,4.28,1.28,3.5
15,Rotterdam,ABN AMRO World Tennis Tournament,2/23/06,International Gold,Indoor,Hard,2nd Round,3,Stepanek R.,Santoro F.,23,36,1355,855,6,4,6,1,,,,,,,2,0,Completed,1.72,2,1.77,2,1.75,2,1.87,2.05,1.9,1.85
15,Rotterdam,ABN AMRO World Tennis Tournament,2/23/06,International Gold,Indoor,Hard,2nd Round,3,Rochus O.,Ferrer D.,32,11,930,1730,6,4,6,4,,,,,,,2,0,Completed,1.66,2.1,1.65,2.2,1.7,2.1,1.704,2.32,1.65,2.18
15,Rotterdam,ABN AMRO World Tennis Tournament,2/23/06,International Gold,Indoor,Hard,2nd Round,3,Djokovic N.,Henman T.,72,40,548,815,5,7,6,3,6,4,,,,,2,1,Completed,2.25,1.57,2.3,1.6,2.5,1.5,2.42,1.658,2.35,1.57
15,Rotterdam,ABN AMRO World Tennis Tournament,2/23/06,International Gold,Indoor,Hard,2nd Round,3,Nieminen J.,Simon G.,26,81,1230,482,7,6,6,1,,,,,,,2,0,Completed,1.5,2.5,1.6,2.3,1.5,2.55,1.562,2.68,1.53,2.42
15,Rotterdam,ABN AMRO World Tennis Tournament,2/24/06,International Gold,Indoor,Hard,Quarterfinals,3,Rochus C.,Parmar A.,52,230,716,152,6,3,6,3,,,,,,,2,0,Completed,1.39,2.75,1.5,2.55,1.55,2.35,1.541,2.75,1.5,2.5
15,Rotterdam,ABN AMRO World Tennis Tournament,2/24/06,International Gold,Indoor,Hard,Quarterfinals,3,Davydenko N.,Bracciali D.,6,76,2355,513,6,4,6,2,,,,,,,2,0,Completed,1.16,4.5,1.22,4.1,1.25,3.9,1.282,4.25,1.23,3.9
15,Rotterdam,ABN AMRO World Tennis Tournament,2/24/06,International Gold,Indoor,Hard,Quarterfinals,3,Stepanek R.,Djokovic N.,23,72,1355,548,7,5,4,6,7,6,,,,,2,1,Completed,1.53,2.37,1.67,2.15,1.6,2.3,1.662,2.41,1.67,2.15
15,Rotterdam,ABN AMRO World Tennis Tournament,2/24/06,International Gold,Indoor,Hard,Quarterfinals,3,Nieminen J.,Rochus O.,26,32,1230,930,6,7,6,4,7,6,,,,,2,1,Completed,1.8,1.9,1.88,1.88,1.85,1.9,2.18,1.781,1.88,1.88
15,Rotterdam,ABN AMRO World Tennis Tournament,2/25/06,International Gold,Indoor,Hard,Semifinals,3,Stepanek R.,Davydenko N.,23,6,1355,2355,4,6,6,3,6,3,,,,,2,1,Completed,2.2,1.61,2.25,1.65,2.23,1.61,2.4,1.667,2.4,1.55
15,Rotterdam,ABN AMRO World Tennis Tournament,2/25/06,International Gold,Indoor,Hard,Semifinals,3,Rochus C.,Nieminen J.,52,26,716,1230,6,4,6,3,,,,,,,2,0,Completed,3.39,1.3,3.3,1.33,3.01,1.35,3.7,1.333,3.1,1.34
15,Rotterdam,ABN AMRO World Tennis Tournament,2/26/06,International Gold,Indoor,Hard,The Final,3,Stepanek R.,Rochus C.,23,52,1355,716,6,0,6,3,,,,,,,2,0,Completed,1.3,3.39,1.3,3.5,1.32,3.22,1.328,3.75,1.29,3.4
16,Acapulco,Abierto Mexicano,2/27/06,International Gold,Outdoor,Clay,1st Round,3,Sabau R.,Starace P.,115,89,361,428,0,6,7,5,6,3,,,,,2,1,Completed,3.5,1.25,3.55,1.28,,,4.06,1.298,4,1.22
16,Acapulco,Abierto Mexicano,2/27/06,International Gold,Outdoor,Clay,1st Round,3,Behrend T.,Vanek J.,101,106,391,375,7,6,5,7,6,3,,,,,2,1,Completed,1.9,1.8,2,1.77,2,1.75,2.19,1.775,1.92,1.8
16,Acapulco,Abierto Mexicano,2/28/06,International Gold,Outdoor,Clay,1st Round,3,Gaudio G.,Portas A.,8,110,1950,373,7,5,6,2,,,,,,,2,0,Completed,1.14,5,1.16,5,1.15,5.2,1.189,5.79,1.17,4.5
16,Acapulco,Abierto Mexicano,2/28/06,International Gold,Outdoor,Clay,1st Round,3,Marin J.A.,Serra F.,103,37,386,854,6,4,6,7,6,4,,,,,2,1,Completed,2.37,1.53,2.2,1.65,2.12,1.67,2.38,1.676,2.3,1.55
16,Acapulco,Abierto Mexicano,2/28/06,International Gold,Outdoor,Clay,1st Round,3,Daniel M.,Kim K.,88,122,429,346,7,5,6,3,,,,,,,2,0,Completed,1.39,2.75,1.45,2.7,1.5,2.45,1.532,2.78,1.45,2.6
16,Acapulco,Abierto Mexicano,2/28/06,International Gold,Outdoor,Clay,1st Round,3,Montanes A.,Del Potro J.M.,96,146,401,278,6,2,5,3,,,,,,,1,0,Retired,2.2,1.61,2.2,1.65,2.15,1.65,2.28,1.725,2.02,1.73
16,Acapulco,Abierto Mexicano,2/28/06,International Gold,Outdoor,Clay,1st Round,3,Moya C.,Gallardo Valles M.,30,346,1020,88,3,6,6,4,7,5,,,,,2,1,Completed,1.07,7,1.06,8.5,1.04,9.25,1.085,10.81,1.07,7
16,Acapulco,Abierto Mexicano,2/28/06,International Gold,Outdoor,Clay,1st Round,3,Pashanski B.,Minar I.,55,97,682,400,2,6,6,3,7,5,,,,,2,1,Completed,1.4,2.75,1.35,3.1,1.35,3.1,1.417,3.2,1.33,3.15
16,Acapulco,Abierto Mexicano,2/28/06,International Gold,Outdoor,Clay,1st Round,3,Horna L.,Dlouhy L.,68,76,562,525,6,4,6,4,,,,,,,2,0,Completed,1.53,2.37,1.6,2.3,1.56,2.34,1.667,2.4,1.6,2.25
16,Acapulco,Abierto Mexicano,2/28/06,International Gold,Outdoor,Clay,1st Round,3,Chela J.I.,Monaco J.,45,71,795,557,4,6,7,6,3,0,,,,,1,1,Retired,1.9,1.8,2,1.77,1.87,1.87,2.2,1.769,1.86,1.86
16,Acapulco,Abierto Mexicano,2/28/06,International Gold,Outdoor,Clay,1st Round,3,Martin A.,Volandri F.,58,32,656,931,6,0,2,6,6,2,,,,,2,1,Completed,2.2,1.61,2.2,1.65,2.15,1.65,2.45,1.645,2.05,1.7
16,Acapulco,Abierto Mexicano,2/28/06,International Gold,Outdoor,Clay,1st Round,3,di Mauro A.,Coria G.,113,7,365,2100,6,2,6,4,,,,,,,2,0,Completed,5,1.14,5,1.16,5.2,1.15,4.71,1.243,5.2,1.14
16,Acapulco,Abierto Mexicano,2/28/06,International Gold,Outdoor,Clay,1st Round,3,Almagro N.,Vicente F.,100,95,394,408,6,3,4,6,6,4,,,,,2,1,Completed,1.57,2.25,1.57,2.35,1.6,2.3,1.546,2.73,1.6,2.22
16,Acapulco,Abierto Mexicano,2/28/06,International Gold,Outdoor,Clay,1st Round,3,Calleri A.,Lapentti N.,69,91,562,418,6,3,6,3,,,,,,,2,0,Completed,1.36,2.87,1.33,3.2,1.3,3.35,1.403,3.28,1.3,3.25
16,Acapulco,Abierto Mexicano,3/1/06,International Gold,Outdoor,Clay,1st Round,3,Acasuso J.,Gonzalez S.,35,186,868,208,6,2,6,1,,,,,,,2,0,Completed,1.1,6,1.1,6.5,1.1,6.75,1.123,8.3,1.12,5.5
16,Acapulco,Abierto Mexicano,3/1/06,International Gold,Outdoor,Clay,1st Round,3,Massu N.,Berlocq C.,44,78,805,503,6,2,7,5,,,,,,,2,0,Completed,1.16,4.5,1.18,4.65,1.2,4.25,1.2,5.5,1.18,4.35
16,Acapulco,Abierto Mexicano,3/1/06,International Gold,Outdoor,Clay,2nd Round,3,di Mauro A.,Pashanski B.,113,55,365,682,1,6,6,3,6,4,,,,,2,1,Completed,2.25,1.57,2.1,1.7,2.15,1.65,2.25,1.741,2.15,1.65
16,Acapulco,Abierto Mexicano,3/1/06,International Gold,Outdoor,Clay,2nd Round,3,Horna L.,Marin J.A.,68,103,562,386,6,3,7,6,,,,,,,2,0,Completed,1.53,2.37,1.5,2.55,1.45,2.6,1.478,2.89,1.48,2.55
16,Acapulco,Abierto Mexicano,3/1/06,International Gold,Outdoor,Clay,2nd Round,3,Almagro N.,Acasuso J.,100,35,394,868,6,3,,,,,,,,,1,0,Retired,3.25,1.33,3,1.37,2.75,1.42,3.01,1.452,3,1.37
16,Acapulco,Abierto Mexicano,3/1/06,International Gold,Outdoor,Clay,2nd Round,3,Daniel M.,Massu N.,88,44,429,805,6,4,6,4,,,,,,,2,0,Completed,4.5,1.16,4.9,1.16,6.25,1.1,14.15,1.066,6,1.1
16,Acapulco,Abierto Mexicano,3/2/06,International Gold,Outdoor,Clay,2nd Round,3,Calleri A.,Martin A.,69,58,562,656,6,3,6,2,,,,,,,2,0,Completed,1.66,2.1,1.67,2.15,1.75,2.05,1.725,2.28,1.69,2.09
16,Acapulco,Abierto Mexicano,3/2/06,International Gold,Outdoor,Clay,2nd Round,3,Gaudio G.,Sabau R.,8,115,1950,361,6,3,3,6,6,2,,,,,2,1,Completed,1.08,7,1.12,6,,,1.131,7.94,1.08,7
16,Acapulco,Abierto Mexicano,3/2/06,International Gold,Outdoor,Clay,2nd Round,3,Chela J.I.,Behrend T.,45,101,795,391,6,1,2,6,6,2,,,,,2,1,Completed,1.33,3.25,1.37,3,1.35,3.1,1.426,3.15,1.35,3.1
16,Acapulco,Abierto Mexicano,3/2/06,International Gold,Outdoor,Clay,2nd Round,3,Montanes A.,Moya C.,96,30,401,1020,2,6,7,6,6,4,,,,,2,1,Completed,4.5,1.16,4.4,1.2,3.59,1.26,4.53,1.261,4,1.23
16,Acapulco,Abierto Mexicano,3/3/06,International Gold,Outdoor,Clay,Quarterfinals,3,Horna L.,Calleri A.,68,69,562,562,6,3,6,4,,,,,,,2,0,Completed,2.62,1.44,2.4,1.55,2.35,1.55,2.56,1.602,2.35,1.55
16,Acapulco,Abierto Mexicano,3/3/06,International Gold,Outdoor,Clay,Quarterfinals,3,Gaudio G.,Daniel M.,8,88,1950,429,6,4,2,6,6,3,,,,,2,1,Completed,1.16,4.5,1.2,4.35,1.25,3.75,1.26,4.55,1.21,4.2
16,Acapulco,Abierto Mexicano,3/3/06,International Gold,Outdoor,Clay,Quarterfinals,3,Chela J.I.,di Mauro A.,45,113,795,365,7,5,6,2,,,,,,,2,0,Completed,1.36,3,1.37,3,1.35,3,1.5,2.8,1.36,3
16,Acapulco,Abierto Mexicano,3/3/06,International Gold,Outdoor,Clay,Quarterfinals,3,Almagro N.,Montanes A.,100,96,394,401,6,4,6,0,,,,,,,2,0,Completed,2,1.72,1.77,2,1.8,1.95,1.99,1.917,1.8,1.94
16,Acapulco,Abierto Mexicano,3/4/06,International Gold,Outdoor,Clay,Semifinals,3,Chela J.I.,Almagro N.,45,100,795,394,6,2,6,2,,,,,,,2,0,Completed,1.66,2.1,1.77,2,1.65,2.15,1.806,2.14,1.7,2.05
16,Acapulco,Abierto Mexicano,3/4/06,International Gold,Outdoor,Clay,Semifinals,3,Horna L.,Gaudio G.,68,8,562,1950,4,6,6,4,6,3,,,,,2,1,Completed,2.62,1.44,2.6,1.48,2.45,1.5,2.71,1.552,2.65,1.43
16,Acapulco,Abierto Mexicano,3/5/06,International Gold,Outdoor,Clay,The Final,3,Horna L.,Chela J.I.,68,45,562,795,7,6,6,4,,,,,,,2,0,Completed,2.25,1.57,2.15,1.67,2.15,1.65,2.21,1.763,2.26,1.6
17,Dubai ,Dubai Tennis Championships,2/27/06,International Gold,Outdoor,Hard,1st Round,3,Schuettler R.,Ferrer D.,98,11,398,1730,6,2,3,6,7,5,,,,,2,1,Completed,3.25,1.28,3.4,1.3,3.35,1.3,3.56,1.362,3.6,1.26
17,Dubai ,Dubai Tennis Championships,2/27/06,International Gold,Outdoor,Hard,1st Round,3,Andreev I.,Seppi A.,26,54,1255,710,7,6,1,6,6,4,,,,,2,1,Completed,1.44,2.62,1.57,2.35,1.5,2.45,1.571,2.65,1.5,2.5
17,Dubai ,Dubai Tennis Championships,2/27/06,International Gold,Outdoor,Hard,1st Round,3,Vik R.,Tipsarevic J.,75,99,531,395,6,2,6,4,,,,,,,2,0,Completed,2.5,1.5,2.6,1.48,2.6,1.45,2.86,1.485,,
17,Dubai ,Dubai Tennis Championships,2/27/06,International Gold,Outdoor,Hard,1st Round,3,Rochus O.,Santoro F.,31,36,935,855,6,4,6,1,,,,,,,2,0,Completed,1.57,2.25,1.65,2.2,1.58,2.28,1.625,2.5,1.62,2.22
17,Dubai ,Dubai Tennis Championships,2/27/06,International Gold,Outdoor,Hard,1st Round,3,Henman T.,Lopez F.,49,38,765,835,6,2,7,6,,,,,,,2,0,Completed,1.66,2.1,1.6,2.3,1.55,2.35,1.625,2.5,1.53,2.45
17,Dubai ,Dubai Tennis Championships,2/27/06,International Gold,Outdoor,Hard,1st Round,3,Klec I.,Bracciali D.,258,66,128,576,6,4,6,4,,,,,,,2,0,Completed,,,3.1,1.35,3.35,1.3,3.49,1.372,,
17,Dubai ,Dubai Tennis Championships,2/27/06,International Gold,Outdoor,Hard,1st Round,3,Agassi A.,Rusedski G.,9,43,1890,805,7,6,6,0,,,,,,,2,0,Completed,1.25,3.5,1.37,3,1.35,3,1.328,3.75,1.35,3.05
17,Dubai ,Dubai Tennis Championships,2/27/06,International Gold,Outdoor,Hard,1st Round,3,Al Ghareeb M.,Bahrouzyan O.,488,N/A,49,N/A,7,6,6,2,,,,,,,2,0,Completed,,,,,,,1.216,5.22,,
17,Dubai ,Dubai Tennis Championships,2/28/06,International Gold,Outdoor,Hard,1st Round,3,Safin M.,Davydenko N.,53,5,725,2390,4,6,6,2,6,2,,,,,2,1,Completed,2.62,1.44,2.7,1.45,2.85,1.4,2.7,1.556,2.62,1.46
17,Dubai ,Dubai Tennis Championships,2/28/06,International Gold,Outdoor,Hard,1st Round,3,El Aynaoui Y.,Moodie W.,211,70,178,560,6,4,6,4,,,,,,,2,0,Completed,1.8,1.9,1.93,1.83,1.75,2.05,1.855,2.07,1.77,2
17,Dubai ,Dubai Tennis Championships,2/28/06,International Gold,Outdoor,Hard,1st Round,3,Phau B.,Galimberti G.,80,189,488,204,5,7,6,3,6,2,,,,,2,1,Completed,1.33,3,1.4,2.85,1.32,3.22,1.397,3.32,,
17,Dubai ,Dubai Tennis Championships,2/28/06,International Gold,Outdoor,Hard,1st Round,3,Youzhny M.,Hrbaty D.,52,20,730,1440,7,5,1,6,6,4,,,,,2,1,Completed,1.9,1.8,1.93,1.83,1.73,2.03,1.952,1.952,1.88,1.88
17,Dubai ,Dubai Tennis Championships,2/28/06,International Gold,Outdoor,Hard,1st Round,3,Stepanek R.,van Lottum J.,16,493,1530,48,6,3,7,6,,,,,,,2,0,Completed,1.14,5,1.16,5,1.15,5.2,1.2,5.5,1.2,4.3
17,Dubai ,Dubai Tennis Championships,2/28/06,International Gold,Outdoor,Hard,1st Round,3,Berdych T.,Rochus C.,25,41,1280,816,6,4,6,2,,,,,,,2,0,Completed,1.33,3,1.33,3.2,1.34,3.12,1.35,3.66,1.33,3.12
17,Dubai ,Dubai Tennis Championships,2/28/06,International Gold,Outdoor,Hard,1st Round,3,Federer R.,Wawrinka S.,1,57,6725,677,7,6,6,3,,,,,,,2,0,Completed,1.02,11,1.04,10,1.04,9.25,1.033,23.5,1.03,10
17,Dubai ,Dubai Tennis Championships,2/28/06,International Gold,Outdoor,Hard,1st Round,3,Nadal R.,Mathieu P.H.,2,34,4455,893,6,7,6,1,6,2,,,,,2,1,Completed,1.19,4,1.18,4.65,1.25,3.9,1.239,4.79,1.25,3.7
17,Dubai ,Dubai Tennis Championships,3/1/06,International Gold,Outdoor,Hard,2nd Round,3,Rochus O.,Safin M.,31,53,935,725,7,6,6,4,,,,,,,2,0,Completed,2.25,1.57,2.1,1.7,2.3,1.6,2.35,1.69,,
17,Dubai ,Dubai Tennis Championships,3/1/06,International Gold,Outdoor,Hard,2nd Round,3,Schuettler R.,Klec I.,98,258,398,128,7,5,6,4,,,,,,,2,0,Completed,1.36,3,1.45,2.7,1.37,2.92,1.446,3.04,1.38,2.92
17,Dubai ,Dubai Tennis Championships,3/1/06,International Gold,Outdoor,Hard,2nd Round,3,Nadal R.,El Aynaoui Y.,2,211,4455,178,,,,,,,,,,,,,Walkover,1.07,7.5,,,1.13,5.5,1.122,7.95,1.07,7.5
17,Dubai ,Dubai Tennis Championships,3/1/06,International Gold,Outdoor,Hard,2nd Round,3,Youzhny M.,Andreev I.,52,26,730,1255,6,1,7,6,,,,,,,2,0,Completed,1.72,2,1.88,1.88,1.9,1.85,1.855,2.07,1.85,1.9
17,Dubai ,Dubai Tennis Championships,3/1/06,International Gold,Outdoor,Hard,2nd Round,3,Federer R.,Al Ghareeb M.,1,488,6725,49,7,6,6,4,,,,,,,2,0,Completed,1,34,,,,,1.008,86,1.01,15
17,Dubai ,Dubai Tennis Championships,3/1/06,International Gold,Outdoor,Hard,2nd Round,3,Vik R.,Berdych T.,75,25,531,1280,3,6,7,6,6,2,,,,,2,1,Completed,3.75,1.25,3,1.37,3.35,1.3,3.72,1.331,3.4,1.28
17,Dubai ,Dubai Tennis Championships,3/1/06,International Gold,Outdoor,Hard,2nd Round,3,Phau B.,Agassi A.,80,9,488,1890,7,5,7,5,,,,,,,2,0,Completed,6,1.1,5.25,1.15,4.45,1.18,7.05,1.15,5.25,1.14
17,Dubai ,Dubai Tennis Championships,3/1/06,International Gold,Outdoor,Hard,2nd Round,3,Henman T.,Stepanek R.,49,16,765,1530,7,5,2,6,7,6,,,,,2,1,Completed,2.2,1.61,2,1.77,2.1,1.7,2.16,1.794,2,1.78
17,Dubai ,Dubai Tennis Championships,3/2/06,International Gold,Outdoor,Hard,Quarterfinals,3,Youzhny M.,Rochus O.,52,31,730,935,6,3,6,1,,,,,,,2,0,Completed,2,1.72,2.2,1.65,2.15,1.65,2.36,1.685,2.15,1.65
17,Dubai ,Dubai Tennis Championships,3/2/06,International Gold,Outdoor,Hard,Quarterfinals,3,Nadal R.,Henman T.,2,49,4455,765,7,6,6,1,,,,,,,2,0,Completed,1.28,3.5,1.25,3.85,1.25,3.75,1.295,4.09,1.28,3.5
17,Dubai ,Dubai Tennis Championships,3/2/06,International Gold,Outdoor,Hard,Quarterfinals,3,Federer R.,Vik R.,1,75,6725,531,6,3,6,2,,,,,,,2,0,Completed,1.02,11,1.03,11,1.02,11.5,1.045,17,1.03,11
17,Dubai ,Dubai Tennis Championships,3/2/06,International Gold,Outdoor,Hard,Quarterfinals,3,Schuettler R.,Phau B.,98,80,398,488,6,4,6,1,,,,,,,2,0,Completed,1.9,1.8,1.77,2,1.7,2.1,1.909,2,1.77,2
17,Dubai ,Dubai Tennis Championships,3/3/06,International Gold,Outdoor,Hard,Semifinals,3,Federer R.,Youzhny M.,1,52,6725,730,6,2,6,3,,,,,,,2,0,Completed,1.04,10,1.05,9,1.05,7.75,1.05,16,1.04,10
17,Dubai ,Dubai Tennis Championships,3/3/06,International Gold,Outdoor,Hard,Semifinals,3,Nadal R.,Schuettler R.,2,98,4455,398,6,4,6,2,,,,,,,2,0,Completed,1.08,7,1.12,6,1.15,5.2,1.155,6.84,1.12,5.8
17,Dubai ,Dubai Tennis Championships,3/4/06,International Gold,Outdoor,Hard,The Final,3,Nadal R.,Federer R.,2,1,4455,6725,2,6,6,4,6,4,,,,,2,1,Completed,3.75,1.25,3.7,1.28,3.35,1.3,3.65,1.351,3.65,1.26
18,Las Vegas,Channel Open,2/27/06,International,Outdoor,Hard,1st Round,3,Kohlschreiber P.,Verdasco F.,102,33,391,915,6,7,7,5,6,2,,,,,2,1,Completed,2.62,1.44,2.8,1.42,2.6,1.45,2.8,1.5,2.66,1.45
18,Las Vegas,Channel Open,2/27/06,International,Outdoor,Hard,1st Round,3,Carlsen K.,Zib T.,125,67,340,573,6,4,6,3,,,,,,,2,0,Completed,1.53,2.37,1.57,2.35,1.53,2.4,1.606,2.55,1.53,2.42
18,Las Vegas,Channel Open,2/27/06,International,Outdoor,Hard,1st Round,3,Malisse X.,Mirnyi M.,48,51,776,735,6,4,4,6,6,4,,,,,2,1,Completed,1.53,2.37,1.55,2.4,1.55,2.35,1.625,2.5,1.55,2.4
18,Las Vegas,Channel Open,2/28/06,International,Outdoor,Hard,1st Round,3,Bjorkman J.,Monfils G.,65,29,578,1029,7,6,6,3,,,,,,,2,0,Completed,4.5,1.16,4.4,1.2,4.25,1.2,4.31,1.277,4.25,1.2
18,Las Vegas,Channel Open,2/28/06,International,Outdoor,Hard,1st Round,3,Hewitt L.,Mayer F.,10,62,1785,599,5,7,6,2,6,4,,,,,2,1,Completed,1.14,5,1.13,5.65,1.15,5.2,1.174,6.25,1.16,4.85
18,Las Vegas,Channel Open,2/28/06,International,Outdoor,Hard,1st Round,3,Vahaly B.,Querry S.,164,459,246,53,3,6,7,6,6,3,,,,,2,1,Completed,,,,,,,,,,
18,Las Vegas,Channel Open,2/28/06,International,Outdoor,Hard,1st Round,3,Luczak P.,Tursunov D.,138,46,297,785,6,4,7,6,,,,,,,2,0,Completed,3.25,1.28,3,1.37,,,3.54,1.365,,
18,Las Vegas,Channel Open,2/28/06,International,Outdoor,Hard,1st Round,3,Benneteau J.,Soderling R.,85,60,452,610,6,4,7,6,,,,,,,2,0,Completed,2.87,1.36,3,1.37,3.46,1.28,3.15,1.426,3.2,1.33
18,Las Vegas,Channel Open,2/28/06,International,Outdoor,Hard,1st Round,3,Karlovic I.,Sanguinetti D.,61,47,610,784,6,2,6,4,,,,,,,2,0,Completed,1.61,2.2,1.67,2.15,1.65,2.15,1.82,2.12,1.62,2.23
18,Las Vegas,Channel Open,2/28/06,International,Outdoor,Hard,1st Round,3,Spadea V.,Capdeville P.,79,105,500,382,6,3,6,2,,,,,,,2,0,Completed,1.44,2.62,1.55,2.4,1.45,2.6,1.621,2.51,1.42,2.78
18,Las Vegas,Channel Open,2/28/06,International,Outdoor,Hard,1st Round,3,Kiefer N.,Sargsian S.,12,391,1590,74,6,3,6,2,,,,,,,2,0,Completed,1.12,5.5,,,,,1.177,6.16,,
18,Las Vegas,Channel Open,2/28/06,International,Outdoor,Hard,1st Round,3,Fish M.,Amritraj P.,322,241,95,139,6,4,7,6,,,,,,,2,0,Completed,1.5,2.5,1.45,2.7,1.45,2.6,1.488,2.85,1.5,2.5
18,Las Vegas,Channel Open,2/28/06,International,Outdoor,Hard,1st Round,3,Hernych J.,Pless K.,84,152,455,267,6,3,6,3,,,,,,,2,0,Completed,1.9,1.8,1.8,1.95,1.95,1.8,1.877,2.04,1.94,1.82
18,Las Vegas,Channel Open,3/1/06,International,Outdoor,Hard,1st Round,3,Goldstein P.,Ginepri R.,73,19,552,1465,6,7,6,3,6,1,,,,,2,1,Completed,3,1.33,3.1,1.35,3.22,1.32,3.45,1.377,3.05,1.35
18,Las Vegas,Channel Open,3/1/06,International,Outdoor,Hard,1st Round,3,Robredo T.,Murray A.,18,42,1470,816,6,2,6,2,,,,,,,2,0,Completed,2,1.72,2.1,1.7,2.1,1.7,2.07,1.855,1.86,1.9
18,Las Vegas,Channel Open,3/1/06,International,Outdoor,Hard,1st Round,3,Blake J.,Srichaphan P.,21,59,1405,655,7,6,6,0,,,,,,,2,0,Completed,1.44,2.62,1.4,2.85,1.4,2.85,1.455,3,1.45,2.65
18,Las Vegas,Channel Open,3/1/06,International,Outdoor,Hard,2nd Round,3,Karlovic I.,Bjorkman J.,61,65,610,578,3,6,6,3,6,4,,,,,2,1,Completed,1.61,2.2,1.7,2.1,1.76,1.99,1.763,2.21,1.77,1.97
18,Las Vegas,Channel Open,3/1/06,International,Outdoor,Hard,2nd Round,3,Kohlschreiber P.,Benneteau J.,102,85,391,452,6,3,6,2,,,,,,,2,0,Completed,1.9,1.8,1.87,1.87,1.87,1.87,2.06,1.862,1.72,2.05
18,Las Vegas,Channel Open,3/1/06,International,Outdoor,Hard,2nd Round,3,Hewitt L.,Hernych J.,10,84,1785,455,6,3,6,3,,,,,,,2,0,Completed,1.12,5.5,1.16,5,1.18,4.45,1.211,5.23,1.18,4.6
18,Las Vegas,Channel Open,3/1/06,International,Outdoor,Hard,2nd Round,3,Robredo T.,Fish M.,18,322,1470,95,6,4,6,4,,,,,,,2,0,Completed,1.44,2.62,1.45,2.7,1.48,2.53,1.455,3,1.42,2.75
18,Las Vegas,Channel Open,3/2/06,International,Outdoor,Hard,2nd Round,3,Carlsen K.,Kiefer N.,125,12,340,1590,,,,,,,,,,,,,Walkover,3.5,1.28,3.4,1.3,3.74,1.25,3.6,1.345,3.6,1.27
18,Las Vegas,Channel Open,3/2/06,International,Outdoor,Hard,2nd Round,3,Goldstein P.,Spadea V.,73,79,552,500,6,2,6,1,,,,,,,2,0,Completed,2.75,1.39,2.7,1.45,2.75,1.42,2.8,1.5,2.85,1.38
18,Las Vegas,Channel Open,3/3/06,International,Outdoor,Hard,2nd Round,3,Malisse X.,Luczak P.,48,138,776,297,6,4,4,6,6,4,,,,,2,1,Completed,1.36,3,1.4,2.85,1.42,2.75,1.469,2.93,1.37,2.95
18,Las Vegas,Channel Open,3/3/06,International,Outdoor,Hard,2nd Round,3,Blake J.,Vahaly B.,21,164,1405,246,6,1,6,1,,,,,,,2,0,Completed,1.1,6.5,1.12,6,1.15,5.2,1.158,6.71,1.11,6
18,Las Vegas,Channel Open,3/3/06,International,Outdoor,Hard,Quarterfinals,3,Karlovic I.,Robredo T.,61,18,610,1470,7,6,6,4,,,,,,,2,0,Completed,2.25,1.57,2.25,1.62,2.25,1.6,2.53,1.613,2.25,1.61
18,Las Vegas,Channel Open,3/3/06,International,Outdoor,Hard,Quarterfinals,3,Hewitt L.,Kohlschreiber P.,10,102,1785,391,6,2,6,0,,,,,,,2,0,Completed,1.19,4.33,1.22,4.1,1.21,4.06,1.299,4.04,1.22,4
18,Las Vegas,Channel Open,3/4/06,International,Outdoor,Hard,Quarterfinals,3,Goldstein P.,Malisse X.,73,48,552,776,6,3,2,0,,,,,,,1,0,Retired,3,1.36,3,1.37,2.85,1.4,3.11,1.433,2.95,1.38
18,Las Vegas,Channel Open,3/4/06,International,Outdoor,Hard,Quarterfinals,3,Blake J.,Carlsen K.,21,125,1405,340,6,4,6,4,,,,,,,2,0,Completed,1.22,4,1.2,4.4,1.26,3.59,1.244,4.7,1.23,4
18,Las Vegas,Channel Open,3/4/06,International,Outdoor,Hard,Semifinals,3,Hewitt L.,Goldstein P.,10,73,1785,552,3,6,6,1,6,0,,,,,2,1,Completed,1.14,5,1.16,5,1.1,6.25,1.161,6.6,1.14,5.25
18,Las Vegas,Channel Open,3/5/06,International,Outdoor,Hard,Semifinals,3,Blake J.,Karlovic I.,21,61,1405,610,7,6,6,1,,,,,,,2,0,Completed,1.39,2.75,1.45,2.7,1.5,2.45,1.515,2.79,1.5,2.5
18,Las Vegas,Channel Open,3/5/06,International,Outdoor,Hard,The Final,3,Blake J.,Hewitt L.,21,10,1405,1785,7,5,2,6,6,3,,,,,2,1,Completed,2.37,1.53,2.3,1.6,2.25,1.6,2.31,1.709,2.38,1.56
19,Indian Wells,Pacific Life Open,3/10/06,Masters,Outdoor,Hard,1st Round,3,Acasuso J.,Salzenstein J.,36,495,888,47,6,7,6,3,6,1,,,,,2,1,Completed,1.44,2.62,,,1.42,2.75,1.606,2.55,1.48,2.5
19,Indian Wells,Pacific Life Open,3/10/06,Masters,Outdoor,Hard,1st Round,3,Carlsen K.,Muller G.,110,69,375,582,6,3,4,6,6,3,,,,,2,1,Completed,2,1.72,1.9,1.9,1.95,1.8,1.877,2.04,1.82,1.93
19,Indian Wells,Pacific Life Open,3/10/06,Masters,Outdoor,Hard,1st Round,3,Clement A.,Weiner G.,52,230,751,153,6,3,6,2,,,,,,,2,0,Completed,1.3,3.39,1.28,3.65,1.3,3.35,1.36,3.58,1.25,3.65
19,Indian Wells,Pacific Life Open,3/10/06,Masters,Outdoor,Hard,1st Round,3,Fish M.,Lapentti G.,294,289,110,113,5,7,6,3,6,3,,,,,2,1,Completed,1.53,2.37,1.6,2.35,1.6,2.3,1.633,2.48,1.65,2.25
19,Indian Wells,Pacific Life Open,3/10/06,Masters,Outdoor,Hard,1st Round,3,Goldstein P.,Martin A.,63,60,612,656,3,6,6,1,6,1,,,,,2,1,Completed,1.61,2.2,1.65,2.25,1.63,2.2,1.699,2.33,1.66,2.15
19,Indian Wells,Pacific Life Open,3/10/06,Masters,Outdoor,Hard,1st Round,3,Hernych J.,Vik R.,87,66,465,598,6,1,6,4,,,,,,,2,0,Completed,2,1.72,2.15,1.7,1.87,1.87,2.08,1.847,2,1.77
19,Indian Wells,Pacific Life Open,3/10/06,Masters,Outdoor,Hard,1st Round,3,Karlovic I.,Zib T.,59,71,670,573,7,6,6,4,,,,,,,2,0,Completed,1.28,3.5,1.3,3.5,1.35,2.9,1.351,3.65,1.31,3.3
19,Indian Wells,Pacific Life Open,3/10/06,Masters,Outdoor,Hard,1st Round,3,Kohlschreiber P.,Serra F.,94,38,426,854,3,6,6,4,6,3,,,,,2,1,Completed,2,1.72,1.9,1.9,1.87,1.87,2.01,1.901,1.98,1.78
19,Indian Wells,Pacific Life Open,3/10/06,Masters,Outdoor,Hard,1st Round,3,Mayer F.,Philippoussis M.,65,165,599,248,6,4,6,3,,,,,,,2,0,Completed,1.57,2.25,1.6,2.35,1.44,2.67,1.562,2.68,1.55,2.38
19,Indian Wells,Pacific Life Open,3/10/06,Masters,Outdoor,Hard,1st Round,3,Murray A.,Mazarakis V.,44,126,816,344,6,2,6,1,,,,,,,2,0,Completed,1.12,5.5,1.14,5.65,1.15,5.2,1.146,7.25,1.12,5.75
19,Indian Wells,Pacific Life Open,3/10/06,Masters,Outdoor,Hard,1st Round,3,Querry S.,Reynolds B.,443,114,58,373,6,3,7,5,,,,,,,2,0,Completed,2.25,1.57,,,,,2.61,1.585,,
19,Indian Wells,Pacific Life Open,3/10/06,Masters,Outdoor,Hard,1st Round,3,Safin M.,Delic A.,53,161,750,252,6,3,6,4,,,,,,,2,0,Completed,1.14,5,1.2,4.55,1.25,3.9,1.243,4.71,1.15,5.1
19,Indian Wells,Pacific Life Open,3/10/06,Masters,Outdoor,Hard,1st Round,3,Soderling R.,Melzer J.,64,76,610,550,6,4,6,4,,,,,,,2,0,Completed,1.39,2.75,1.42,2.85,1.4,2.85,1.459,2.98,1.45,2.66
19,Indian Wells,Pacific Life Open,3/10/06,Masters,Outdoor,Hard,1st Round,3,Tursunov D.,Behrend T.,50,103,785,411,6,4,6,2,,,,,,,2,0,Completed,1.16,4.5,1.15,5.5,1.15,5.5,1.2,5.51,1.15,5.1
19,Indian Wells,Pacific Life Open,3/11/06,Masters,Outdoor,Hard,1st Round,3,Benneteau J.,Djokovic N.,88,67,459,591,6,3,6,4,,,,,,,2,0,Completed,2.37,1.53,2.25,1.65,2.3,1.6,2.47,1.637,2.25,1.6
19,Indian Wells,Pacific Life Open,3/11/06,Masters,Outdoor,Hard,1st Round,3,Bracciali D.,Horna L.,70,48,576,797,6,3,6,3,,,,,,,2,0,Completed,2.37,1.53,2.6,1.5,2.53,1.48,2.64,1.575,2.45,1.52
19,Indian Wells,Pacific Life Open,3/11/06,Masters,Outdoor,Hard,1st Round,3,Gimelstob J.,Lopez F.,98,39,417,835,7,5,6,3,,,,,,,2,0,Completed,2.1,1.66,2.15,1.7,2.1,1.65,2.09,1.84,2.05,1.73
19,Indian Wells,Pacific Life Open,3/11/06,Masters,Outdoor,Hard,1st Round,3,Henman T.,Young D.,45,572,815,36,6,3,6,1,,,,,,,2,0,Completed,1.07,7.5,1.08,8,1.07,7.19,1.146,7.25,1.07,7.5
19,Indian Wells,Pacific Life Open,3/11/06,Masters,Outdoor,Hard,1st Round,3,Kim K.,Youzhny M.,124,42,346,825,7,5,6,4,,,,,,,2,0,Completed,3,1.36,3.3,1.33,2.85,1.4,3.17,1.422,2.85,1.4
19,Indian Wells,Pacific Life Open,3/11/06,Masters,Outdoor,Hard,1st Round,3,Massu N.,Calleri A.,47,62,805,617,6,1,6,7,7,5,,,,,2,1,Completed,2.1,1.66,2.15,1.7,1.9,1.85,2.14,1.806,2.12,1.68
19,Indian Wells,Pacific Life Open,3/11/06,Masters,Outdoor,Hard,1st Round,3,Morrison J.,Pavel A.,139,83,293,485,6,7,7,5,6,3,,,,,2,1,Completed,2.37,1.53,2.35,1.6,2.4,1.53,2.3,1.714,2.25,1.58
19,Indian Wells,Pacific Life Open,3/11/06,Masters,Outdoor,Hard,1st Round,3,Sanguinetti D.,Capdeville P.,51,107,784,388,6,7,6,2,6,3,,,,,2,1,Completed,1.83,1.83,2.05,1.77,2,1.75,2.21,1.763,2,1.75
19,Indian Wells,Pacific Life Open,3/11/06,Masters,Outdoor,Hard,1st Round,3,Saulnier C.,Mirnyi M.,122,54,350,735,6,4,7,6,,,,,,,2,0,Completed,2.62,1.44,2.75,1.45,2.67,1.44,2.85,1.5,2.42,1.53
19,Indian Wells,Pacific Life Open,3/11/06,Masters,Outdoor,Hard,1st Round,3,Spadea V.,Berlocq C.,82,81,500,503,6,1,4,1,,,,,,,1,0,Retired,1.22,4,1.17,5,1.2,4.45,1.237,4.82,1.18,4.6
19,Indian Wells,Pacific Life Open,3/11/06,Masters,Outdoor,Hard,1st Round,3,Srichaphan P.,Moodie W.,61,72,655,560,7,6,6,4,,,,,,,2,0,Completed,1.39,2.75,1.48,2.65,1.45,2.6,1.541,2.75,1.41,2.78
19,Indian Wells,Pacific Life Open,3/11/06,Masters,Outdoor,Hard,1st Round,3,Tipsarevic J.,Warburg S.,105,330,405,95,6,4,7,6,,,,,,,2,0,Completed,1.28,3.5,,,1.3,3.35,1.319,3.83,1.27,3.6
19,Indian Wells,Pacific Life Open,3/11/06,Masters,Outdoor,Hard,1st Round,3,Wawrinka S.,Rusedski G.,58,46,677,805,6,2,6,4,,,,,,,2,0,Completed,1.8,1.9,1.77,2.05,1.6,2.25,1.752,2.23,1.8,1.95
19,Indian Wells,Pacific Life Open,3/12/06,Masters,Outdoor,Hard,1st Round,3,Bjorkman J.,Rochus C.,68,43,588,816,6,2,3,6,6,2,,,,,2,1,Completed,1.83,1.83,1.9,1.9,2.03,1.73,2.01,1.901,1.95,1.8
19,Indian Wells,Pacific Life Open,3/12/06,Masters,Outdoor,Hard,1st Round,3,Schuettler R.,Pashanski B.,78,56,518,695,7,6,7,5,,,,,,,2,0,Completed,1.44,2.62,1.48,2.65,1.44,2.67,1.568,2.66,1.47,2.58
19,Indian Wells,Pacific Life Open,3/12/06,Masters,Outdoor,Hard,1st Round,3,Mathieu P.H.,Seppi A.,35,55,893,710,2,6,6,4,6,1,,,,,2,1,Completed,1.66,2.1,1.7,2.15,1.6,2.3,1.694,2.34,1.66,2.15
19,Indian Wells,Pacific Life Open,3/12/06,Masters,Outdoor,Hard,1st Round,3,Malisse X.,Santoro F.,49,37,796,855,6,1,4,6,6,4,,,,,2,1,Completed,1.66,2.1,1.67,2.2,1.64,2.17,1.658,2.42,1.7,2.08
19,Indian Wells,Pacific Life Open,3/12/06,Masters,Outdoor,Hard,1st Round,3,Vliegen K.,Burgsmuller L.,57,150,681,277,6,4,3,6,6,4,,,,,2,1,Completed,1.36,3,1.33,3.3,1.3,3.35,1.314,3.88,1.29,3.42
19,Indian Wells,Pacific Life Open,3/11/06,Masters,Outdoor,Hard,2nd Round,3,Blake J.,Querry S.,14,443,1565,58,1,6,6,1,6,3,,,,,2,1,Completed,1.07,7.5,1.1,7,1.13,5.5,1.098,9.25,1.12,5.75
19,Indian Wells,Pacific Life Open,3/12/06,Masters,Outdoor,Hard,2nd Round,3,Nieminen J.,Mayer F.,24,65,1320,599,6,4,6,4,,,,,,,2,0,Completed,1.44,2.62,1.53,2.5,1.45,2.6,1.61,2.54,1.57,2.32
19,Indian Wells,Pacific Life Open,3/12/06,Masters,Outdoor,Hard,2nd Round,3,Robredo T.,Carlsen K.,19,110,1470,375,6,1,6,3,,,,,,,2,0,Completed,1.39,2.75,1.4,2.95,1.42,2.75,1.412,3.23,1.34,3.12
19,Indian Wells,Pacific Life Open,3/12/06,Masters,Outdoor,Hard,2nd Round,3,Fish M.,Volandri F.,294,33,110,931,6,3,6,2,,,,,,,2,0,Completed,1.5,2.5,1.48,2.65,1.48,2.53,1.556,2.7,1.52,2.44
19,Indian Wells,Pacific Life Open,3/12/06,Masters,Outdoor,Hard,2nd Round,3,Kohlschreiber P.,Ferrer D.,94,11,426,1730,6,2,6,2,,,,,,,2,0,Completed,2.37,1.53,2.35,1.6,2.3,1.6,2.57,1.599,2.42,1.53
19,Indian Wells,Pacific Life Open,3/12/06,Masters,Outdoor,Hard,2nd Round,3,Nadal R.,Hernych J.,2,87,4665,465,6,4,6,4,,,,,,,2,0,Completed,1.06,8,1.06,9,1.07,7.19,1.058,14.79,1.07,8
19,Indian Wells,Pacific Life Open,3/12/06,Masters,Outdoor,Hard,2nd Round,3,Davydenko N.,Murray A.,5,44,2390,816,6,1,3,6,6,3,,,,,2,1,Completed,1.53,2.37,1.73,2.1,1.7,2.1,1.671,2.39,1.7,2.08
19,Indian Wells,Pacific Life Open,3/12/06,Masters,Outdoor,Hard,2nd Round,3,Haas T.,Clement A.,28,52,1180,751,6,3,1,6,6,4,,,,,2,1,Completed,1.28,3.5,1.33,3.3,1.32,3.22,1.29,4.15,1.32,3.25
19,Indian Wells,Pacific Life Open,3/12/06,Masters,Outdoor,Hard,2nd Round,3,Nalbandian D.,Gimelstob J.,4,98,2560,417,6,4,6,4,,,,,,,2,0,Completed,1.19,4.33,1.22,4.25,1.23,3.89,1.261,4.53,1.2,4.3
19,Indian Wells,Pacific Life Open,3/12/06,Masters,Outdoor,Hard,2nd Round,3,Benneteau J.,Chela J.I.,88,31,459,955,6,4,4,6,6,3,,,,,2,1,Completed,2,1.72,2.2,1.67,2.35,1.55,2.3,1.714,2.44,1.52
19,Indian Wells,Pacific Life Open,3/12/06,Masters,Outdoor,Hard,2nd Round,3,Agassi A.,Goldstein P.,9,63,1915,612,6,4,4,6,6,2,,,,,2,1,Completed,1.28,3.5,1.3,3.5,1.26,3.59,1.382,3.42,1.33,3.15
19,Indian Wells,Pacific Life Open,3/12/06,Masters,Outdoor,Hard,2nd Round,3,Andreev I.,Tursunov D.,26,50,1255,785,6,7,6,1,6,2,,,,,2,1,Completed,1.83,1.83,2,1.81,2.17,1.64,2.15,1.8,2.05,1.73
19,Indian Wells,Pacific Life Open,3/13/06,Masters,Outdoor,Hard,2nd Round,3,Baghdatis M.,Bjorkman J.,27,68,1219,588,6,4,6,3,,,,,,,2,0,Completed,1.3,3.39,1.3,3.5,1.3,3.35,1.36,3.58,1.27,3.6
19,Indian Wells,Pacific Life Open,3/13/06,Masters,Outdoor,Hard,2nd Round,3,Soderling R.,Gonzalez F.,64,15,610,1540,6,4,6,0,,,,,,,2,0,Completed,1.72,2,1.67,2.2,1.6,2.3,1.781,2.18,1.58,2.3
19,Indian Wells,Pacific Life Open,3/13/06,Masters,Outdoor,Hard,2nd Round,3,Federer R.,Massu N.,1,47,6935,805,6,3,7,6,,,,,,,2,0,Completed,1.02,11,1.04,11,1.06,7.79,1.056,15,1.03,12.5
19,Indian Wells,Pacific Life Open,3/13/06,Masters,Outdoor,Hard,2nd Round,3,Safin M.,Moya C.,53,30,750,1020,6,7,6,3,6,4,,,,,2,1,Completed,1.61,2.2,1.67,2.2,1.6,2.25,1.704,2.32,1.62,2.22
19,Indian Wells,Pacific Life Open,3/13/06,Masters,Outdoor,Hard,2nd Round,3,Gaudio G.,Saulnier C.,8,122,1985,350,3,6,6,3,6,4,,,,,2,1,Completed,1.61,2.2,1.65,2.2,1.6,2.3,1.68,2.37,1.68,2.12
19,Indian Wells,Pacific Life Open,3/13/06,Masters,Outdoor,Hard,2nd Round,3,Ferrero J.C.,Spadea V.,16,82,1535,500,6,2,4,6,7,6,,,,,2,1,Completed,1.57,2.25,1.6,2.35,1.5,2.45,1.613,2.53,1.54,2.4
19,Indian Wells,Pacific Life Open,3/13/06,Masters,Outdoor,Hard,2nd Round,3,Hrbaty D.,Bracciali D.,21,70,1440,576,7,5,7,5,,,,,,,2,0,Completed,1.39,2.75,1.48,2.65,1.5,2.45,1.524,2.81,1.48,2.55
19,Indian Wells,Pacific Life Open,3/13/06,Masters,Outdoor,Hard,2nd Round,3,Rochus O.,Wawrinka S.,32,58,950,677,7,6,7,5,,,,,,,2,0,Completed,1.57,2.25,1.67,2.2,1.6,2.25,1.699,2.33,1.72,2.06
19,Indian Wells,Pacific Life Open,3/13/06,Masters,Outdoor,Hard,2nd Round,3,Gasquet R.,Kim K.,18,124,1525,346,6,4,6,3,,,,,,,2,0,Completed,1.39,2.87,1.43,2.85,1.45,2.6,1.51,2.81,1.4,2.85
19,Indian Wells,Pacific Life Open,3/13/06,Masters,Outdoor,Hard,2nd Round,3,Ljubicic I.,Tipsarevic J.,6,105,2245,405,6,1,6,4,,,,,,,2,0,Completed,1.14,5,1.17,5,,,1.206,5.45,1.14,5.25
19,Indian Wells,Pacific Life Open,3/13/06,Masters,Outdoor,Hard,2nd Round,3,Verdasco F.,Karlovic I.,34,59,915,670,6,3,3,6,7,6,,,,,2,1,Completed,2,1.72,2.1,1.73,2.1,1.7,2.24,1.746,2.18,1.65
19,Indian Wells,Pacific Life Open,3/13/06,Masters,Outdoor,Hard,2nd Round,3,Srichaphan P.,Ginepri R.,61,20,655,1465,7,6,6,3,,,,,,,2,0,Completed,2.1,1.66,2.15,1.7,2.15,1.65,2.3,1.714,2,1.76
19,Indian Wells,Pacific Life Open,3/13/06,Masters,Outdoor,Hard,2nd Round,3,Monfils G.,Morrison J.,29,139,1029,293,6,3,0,6,6,3,,,,,2,1,Completed,1.44,2.75,1.42,2.85,1.42,2.75,1.478,2.89,1.42,2.75
19,Indian Wells,Pacific Life Open,3/13/06,Masters,Outdoor,Hard,2nd Round,3,Roddick A.,Acasuso J.,3,36,2685,888,7,6,6,0,,,,,,,2,0,Completed,1.25,3.75,1.26,3.85,1.21,4.06,1.3,4.03,1.24,3.85
19,Indian Wells,Pacific Life Open,3/13/06,Masters,Outdoor,Hard,2nd Round,3,Malisse X.,Stepanek R.,49,17,796,1530,6,1,6,1,,,,,,,2,0,Completed,1.9,1.8,1.85,1.95,1.7,2.1,1.862,2.06,1.84,1.92
19,Indian Wells,Pacific Life Open,3/13/06,Masters,Outdoor,Hard,2nd Round,3,Grosjean S.,Vliegen K.,22,57,1380,681,6,1,6,3,,,,,,,2,0,Completed,1.44,2.62,1.45,2.75,1.4,2.85,1.437,3.09,1.39,2.9
19,Indian Wells,Pacific Life Open,3/13/06,Masters,Outdoor,Hard,2nd Round,3,Hewitt L.,Schuettler R.,10,78,1890,518,7,6,2,6,6,4,,,,,2,1,Completed,1.2,4.33,1.17,5,1.17,4.67,1.225,5.04,1.18,4.6
19,Indian Wells,Pacific Life Open,3/13/06,Masters,Outdoor,Hard,2nd Round,3,Mathieu P.H.,Kiefer N.,35,12,893,1600,7,6,4,6,6,2,,,,,2,1,Completed,2.37,1.53,2.35,1.6,2.25,1.6,2.43,1.654,2.37,1.55
19,Indian Wells,Pacific Life Open,3/13/06,Masters,Outdoor,Hard,2nd Round,3,Ancic M.,Sanguinetti D.,23,51,1355,784,6,3,7,6,,,,,,,2,0,Completed,1.28,3.5,1.35,3.2,1.3,3.35,1.337,3.77,1.35,3.05
19,Indian Wells,Pacific Life Open,3/13/06,Masters,Outdoor,Hard,2nd Round,3,Berdych T.,Henman T.,25,45,1280,815,6,4,6,4,,,,,,,2,0,Completed,1.9,1.8,1.9,1.9,1.95,1.8,2.03,1.885,1.94,1.82
19,Indian Wells,Pacific Life Open,3/13/06,Masters,Outdoor,Hard,3rd Round,3,Nieminen J.,Kohlschreiber P.,24,94,1320,426,6,1,3,6,6,3,,,,,2,1,Completed,1.44,2.62,1.5,2.6,1.55,2.35,1.565,2.67,1.6,2.25
19,Indian Wells,Pacific Life Open,3/13/06,Masters,Outdoor,Hard,3rd Round,3,Andreev I.,Soderling R.,26,64,1255,610,3,6,7,6,6,4,,,,,2,1,Completed,2.1,1.66,2.25,1.65,2.25,1.6,2.25,1.741,2.02,1.75
19,Indian Wells,Pacific Life Open,3/14/06,Masters,Outdoor,Hard,3rd Round,3,Nalbandian D.,Benneteau J.,4,88,2560,459,6,4,6,1,,,,,,,2,0,Completed,1.22,4,1.25,4,1.25,3.9,1.307,3.96,1.22,4.05
19,Indian Wells,Pacific Life Open,3/14/06,Masters,Outdoor,Hard,3rd Round,3,Safin M.,Davydenko N.,53,5,750,2390,7,6,3,6,6,4,,,,,2,1,Completed,1.66,2.1,1.6,2.35,1.76,1.99,1.714,2.3,1.72,2.06
19,Indian Wells,Pacific Life Open,3/14/06,Masters,Outdoor,Hard,3rd Round,3,Roddick A.,Verdasco F.,3,34,2685,915,6,3,6,4,,,,,,,2,0,Completed,1.28,3.5,1.33,3.3,1.3,3.35,1.306,3.97,1.31,3.3
19,Indian Wells,Pacific Life Open,3/14/06,Masters,Outdoor,Hard,3rd Round,3,Haas T.,Agassi A.,28,9,1180,1915,7,5,6,2,,,,,,,2,0,Completed,1.53,2.37,1.48,2.65,1.5,2.49,1.575,2.64,1.5,2.5
19,Indian Wells,Pacific Life Open,3/14/06,Masters,Outdoor,Hard,3rd Round,3,Blake J.,Robredo T.,14,19,1565,1470,6,2,7,5,,,,,,,2,0,Completed,1.53,2.37,1.65,2.25,1.7,2.08,1.667,2.4,1.62,2.2
19,Indian Wells,Pacific Life Open,3/14/06,Masters,Outdoor,Hard,3rd Round,3,Srichaphan P.,Ferrero J.C.,61,16,655,1535,6,2,6,2,,,,,,,2,0,Completed,2,1.72,2.1,1.73,2.3,1.6,2.17,1.787,2.12,1.7
19,Indian Wells,Pacific Life Open,3/14/06,Masters,Outdoor,Hard,3rd Round,3,Baghdatis M.,Gaudio G.,27,8,1219,1985,6,7,6,3,6,2,,,,,2,1,Completed,1.39,2.75,1.4,2.9,1.45,2.6,1.444,3.05,1.5,2.5
19,Indian Wells,Pacific Life Open,3/14/06,Masters,Outdoor,Hard,3rd Round,3,Berdych T.,Hewitt L.,25,10,1280,1890,7,5,6,3,,,,,,,2,0,Completed,2.25,1.57,2.3,1.6,2.17,1.64,2.39,1.671,2.3,1.58
19,Indian Wells,Pacific Life Open,3/14/06,Masters,Outdoor,Hard,3rd Round,3,Gasquet R.,Hrbaty D.,18,21,1525,1440,6,3,6,4,,,,,,,2,0,Completed,1.66,2.1,1.67,2.15,1.65,2.2,1.752,2.23,1.57,2.33
19,Indian Wells,Pacific Life Open,3/15/06,Masters,Outdoor,Hard,3rd Round,3,Ljubicic I.,Monfils G.,6,29,2245,1029,6,3,6,2,,,,,,,2,0,Completed,1.19,4.33,1.2,4.4,1.17,4.67,1.233,4.9,1.17,4.6
19,Indian Wells,Pacific Life Open,3/15/06,Masters,Outdoor,Hard,3rd Round,3,Federer R.,Rochus O.,1,32,6935,950,3,6,6,2,7,5,,,,,2,1,Completed,1.03,10,1.02,12.5,1.04,9.25,1.049,17.25,1.05,10
19,Indian Wells,Pacific Life Open,3/15/06,Masters,Outdoor,Hard,3rd Round,3,Ancic M.,Mathieu P.H.,23,35,1355,893,7,6,6,3,,,,,,,2,0,Completed,1.57,2.25,1.6,2.3,1.64,2.17,1.73,2.27,1.7,2.08
19,Indian Wells,Pacific Life Open,3/15/06,Masters,Outdoor,Hard,3rd Round,3,Grosjean S.,Malisse X.,22,49,1380,796,6,4,6,7,6,2,,,,,2,1,Completed,1.57,2.25,1.53,2.45,1.53,2.4,1.621,2.51,1.5,2.5
19,Indian Wells,Pacific Life Open,3/15/06,Masters,Outdoor,Hard,3rd Round,3,Nadal R.,Fish M.,2,294,4665,110,6,1,6,4,,,,,,,2,0,Completed,1.08,7,1.07,8,1.07,7.19,1.111,8.75,1.07,8
19,Indian Wells,Pacific Life Open,3/15/06,Masters,Outdoor,Hard,4th Round,3,Baghdatis M.,Berdych T.,27,25,1219,1280,6,4,6,1,,,,,,,2,0,Completed,1.9,1.8,1.88,1.88,1.95,1.8,1.893,2.02,1.72,2.1
19,Indian Wells,Pacific Life Open,3/15/06,Masters,Outdoor,Hard,4th Round,3,Srichaphan P.,Nalbandian D.,61,4,655,2560,6,7,6,3,6,2,,,,,2,1,Completed,3.5,1.28,3.55,1.28,3.35,1.3,4.02,1.301,3.3,1.32
19,Indian Wells,Pacific Life Open,3/15/06,Masters,Outdoor,Hard,4th Round,3,Andreev I.,Roddick A.,26,3,1255,2685,6,4,6,7,6,1,,,,,2,1,Completed,3.75,1.25,3.55,1.28,3.75,1.25,4.46,1.266,4.35,1.2
19,Indian Wells,Pacific Life Open,3/16/06,Masters,Outdoor,Hard,4th Round,3,Federer R.,Gasquet R.,1,18,6935,1525,6,3,6,4,,,,,,,2,0,Completed,1.11,6,1.14,5.5,1.17,4.67,1.163,6.54,1.14,5.5
19,Indian Wells,Pacific Life Open,3/16/06,Masters,Outdoor,Hard,4th Round,3,Ljubicic I.,Ancic M.,6,23,2245,1355,6,3,6,4,,,,,,,2,0,Completed,1.44,2.62,1.45,2.7,1.42,2.75,1.465,2.95,1.46,2.62
19,Indian Wells,Pacific Life Open,3/16/06,Masters,Outdoor,Hard,4th Round,3,Nadal R.,Grosjean S.,2,22,4665,1380,6,4,6,2,,,,,,,2,0,Completed,1.22,4,1.2,4.4,1.28,3.46,1.271,4.39,1.26,3.7
19,Indian Wells,Pacific Life Open,3/16/06,Masters,Outdoor,Hard,4th Round,3,Nieminen J.,Safin M.,24,53,1320,750,6,4,6,3,,,,,,,2,0,Completed,2.62,1.44,2.6,1.48,2.83,1.39,2.78,1.524,2.66,1.45
19,Indian Wells,Pacific Life Open,3/16/06,Masters,Outdoor,Hard,4th Round,3,Blake J.,Haas T.,14,28,1565,1180,6,3,3,0,,,,,,,1,0,Retired,1.9,1.8,2,1.77,1.7,2.08,2.07,1.855,1.88,1.87
19,Indian Wells,Pacific Life Open,3/16/06,Masters,Outdoor,Hard,Quarterfinals,3,Federer R.,Ljubicic I.,1,6,6935,2245,6,2,6,3,,,,,,,2,0,Completed,1.16,4.5,1.17,4.85,1.17,4.67,1.215,5.25,1.17,4.8
19,Indian Wells,Pacific Life Open,3/17/06,Masters,Outdoor,Hard,Quarterfinals,3,Srichaphan P.,Nieminen J.,61,24,655,1320,7,6,3,6,7,5,,,,,2,1,Completed,2.25,1.57,2.1,1.7,2.1,1.685,2.14,1.806,2.02,1.76
19,Indian Wells,Pacific Life Open,3/17/06,Masters,Outdoor,Hard,Quarterfinals,3,Blake J.,Andreev I.,14,26,1565,1255,6,1,6,4,,,,,,,2,0,Completed,1.33,3.25,1.37,3,1.37,2.92,1.357,3.6,1.37,3
19,Indian Wells,Pacific Life Open,3/18/06,Masters,Outdoor,Hard,Quarterfinals,3,Nadal R.,Baghdatis M.,2,27,4665,1219,7,5,6,0,,,,,,,2,0,Completed,1.28,3.5,1.35,3.1,1.3,3.35,1.376,3.46,1.31,3.35
19,Indian Wells,Pacific Life Open,3/18/06,Masters,Outdoor,Hard,Semifinals,3,Federer R.,Srichaphan P.,1,61,6935,655,6,2,6,3,,,,,,,2,0,Completed,1.05,10,1.04,10,1.05,8.5,1.061,14.25,1.06,9
19,Indian Wells,Pacific Life Open,3/19/06,Masters,Outdoor,Hard,Semifinals,3,Blake J.,Nadal R.,14,2,1565,4665,7,5,6,3,,,,,,,2,0,Completed,3,1.39,3,1.37,2.53,1.48,3.08,1.439,2.75,1.43
19,Indian Wells,Pacific Life Open,3/20/06,Masters,Outdoor,Hard,The Final,5,Federer R.,Blake J.,1,14,6935,1565,7,5,6,3,6,0,,,,,3,0,Completed,1.2,4.33,1.2,4.55,1.17,4.67,1.234,4.88,1.16,5
20,Miami,NASDAQ-100 Open,3/22/06,Masters,Outdoor,Hard,1st Round,3,Carlsen K.,Saulnier C.,110,123,375,350,3,6,6,3,6,0,,,,,2,1,Completed,,,,,,,,,,
20,Miami,NASDAQ-100 Open,3/22/06,Masters,Outdoor,Hard,1st Round,3,Acasuso J.,Zib T.,34,75,903,525,5,7,6,1,6,1,,,,,2,1,Completed,,,,,,,,,,
20,Miami,NASDAQ-100 Open,3/22/06,Masters,Outdoor,Hard,1st Round,3,Santoro F.,Karlovic I.,49,61,785,686,6,3,7,6,,,,,,,2,0,Completed,,,,,,,,,,
20,Miami,NASDAQ-100 Open,3/22/06,Masters,Outdoor,Hard,1st Round,3,Rochus C.,Moodie W.,50,69,785,560,2,6,6,4,6,4,,,,,2,1,Completed,,,,,,,,,,
20,Miami,NASDAQ-100 Open,3/22/06,Masters,Outdoor,Hard,1st Round,3,Calleri A.,Monaco J.,65,73,602,542,6,2,6,1,,,,,,,2,0,Completed,,,,,,,,,,
20,Miami,NASDAQ-100 Open,3/22/06,Masters,Outdoor,Hard,1st Round,3,Serra F.,Simon G.,39,82,837,495,6,2,6,4,,,,,,,2,0,Completed,,,,,,,,,,
20,Miami,NASDAQ-100 Open,3/22/06,Masters,Outdoor,Hard,1st Round,3,Vik R.,Bjorkman J.,70,68,553,573,6,4,6,4,,,,,,,2,0,Completed,1.9,1.8,2,1.77,2.15,1.65,2.22,1.758,2.02,1.75
20,Miami,NASDAQ-100 Open,3/22/06,Masters,Outdoor,Hard,1st Round,3,Massu N.,Sluiter R.,43,98,825,423,6,4,6,3,,,,,,,2,0,Completed,1.3,3.4,1.3,3.4,1.3,3.35,1.331,3.72,1.3,3.35
20,Miami,NASDAQ-100 Open,3/22/06,Masters,Outdoor,Hard,1st Round,3,Fish M.,Hernych J.,265,90,125,450,6,3,6,3,,,,,,,2,0,Completed,1.53,2.37,1.6,2.3,1.48,2.53,1.61,2.54,1.61,2.25
20,Miami,NASDAQ-100 Open,3/22/06,Masters,Outdoor,Hard,1st Round,3,Kim K.,Melzer J.,122,77,351,520,3,6,6,2,6,3,,,,,2,1,Completed,1.9,1.8,1.88,1.88,1.7,2.08,1.833,2.1,1.87,1.87
20,Miami,NASDAQ-100 Open,3/22/06,Masters,Outdoor,Hard,1st Round,3,Llodra M.,Dlouhy L.,145,74,281,527,6,7,6,0,6,3,,,,,2,1,Completed,1.8,1.9,1.7,2.1,1.75,2.05,1.794,2.16,1.8,1.95
20,Miami,NASDAQ-100 Open,3/22/06,Masters,Outdoor,Hard,1st Round,3,Moya C.,Hanescu V.,35,44,900,821,5,7,7,5,6,4,,,,,2,1,Completed,1.28,3.5,1.3,3.4,1.26,3.59,1.305,3.98,1.25,3.7
20,Miami,NASDAQ-100 Open,3/22/06,Masters,Outdoor,Hard,1st Round,3,Bogomolov A.,Querry S.,167,386,242,78,4,6,6,4,6,3,,,,,2,1,Completed,1.57,2.25,,,1.42,2.75,1.524,2.78,1.5,2.48
20,Miami,NASDAQ-100 Open,3/23/06,Masters,Outdoor,Hard,1st Round,3,Wawrinka S.,Murray A.,58,41,692,826,7,5,3,6,6,4,,,,,2,1,Completed,2.37,1.53,2.25,1.62,2.37,1.54,2.48,1.633,2.3,1.58
20,Miami,NASDAQ-100 Open,3/23/06,Masters,Outdoor,Hard,1st Round,3,Goldstein P.,Gimelstob J.,64,94,607,432,3,6,7,6,1,1,,,,,1,1,Retired,1.72,2,1.83,1.93,1.9,1.85,1.746,2.24,1.8,1.95
20,Miami,NASDAQ-100 Open,3/23/06,Masters,Outdoor,Hard,1st Round,3,Malisse X.,Lapentti N.,40,100,826,418,3,6,6,3,6,0,,,,,2,1,Completed,1.19,4.33,1.18,4.6,1.17,4.67,1.224,5.06,1.2,4.25
20,Miami,NASDAQ-100 Open,3/23/06,Masters,Outdoor,Hard,1st Round,3,Vliegen K.,Pashanski B.,57,59,700,688,6,2,4,6,6,3,,,,,2,1,Completed,1.33,3.25,1.33,3.2,1.3,3.35,1.388,3.38,1.33,3.2
20,Miami,NASDAQ-100 Open,3/23/06,Masters,Outdoor,Hard,1st Round,3,Horna L.,Mayer F.,46,63,797,614,6,4,7,6,,,,,,,2,0,Completed,2.1,1.66,2.25,1.62,2.03,1.73,2.22,1.758,2.2,1.63
20,Miami,NASDAQ-100 Open,3/23/06,Masters,Outdoor,Hard,1st Round,3,Rusedski G.,Youzhny M.,48,42,790,825,6,3,6,1,,,,,,,2,0,Completed,2.75,1.39,2.85,1.4,2.75,1.42,3.04,1.446,2.65,1.45
20,Miami,NASDAQ-100 Open,3/23/06,Masters,Outdoor,Hard,1st Round,3,Clement A.,Luczak P.,53,129,746,318,6,1,6,2,,,,,,,2,0,Completed,1.44,2.62,1.55,2.4,1.55,2.35,1.592,2.59,1.48,2.55
20,Miami,NASDAQ-100 Open,3/23/06,Masters,Outdoor,Hard,1st Round,3,Berlocq C.,Young D.,81,552,500,39,6,0,6,0,,,,,,,2,0,Completed,,,,,1.6,2.3,1.741,2.25,,
20,Miami,NASDAQ-100 Open,3/23/06,Masters,Outdoor,Hard,1st Round,3,Philippoussis M.,Sanguinetti D.,169,51,240,755,6,4,4,6,6,3,,,,,2,1,Completed,2.37,1.53,2.3,1.6,2.45,1.5,2.5,1.625,2.35,1.56
20,Miami,NASDAQ-100 Open,3/24/06,Masters,Outdoor,Hard,1st Round,3,Spadea V.,Seppi A.,79,54,515,728,6,1,6,4,,,,,,,2,0,Completed,1.66,2.1,1.87,1.9,1.85,1.9,1.926,1.98,1.77,2
20,Miami,NASDAQ-100 Open,3/24/06,Masters,Outdoor,Hard,1st Round,3,Mirnyi M.,Muller G.,55,71,720,552,7,6,5,7,6,4,,,,,2,1,Completed,1.66,2.1,1.67,2.15,1.75,2,1.73,2.27,1.65,2.16
20,Miami,NASDAQ-100 Open,3/24/06,Masters,Outdoor,Hard,1st Round,3,Djokovic N.,Mathieu P.H.,66,37,596,853,6,1,6,3,,,,,,,2,0,Completed,2,1.72,2.05,1.73,2.15,1.65,2.45,1.645,2.08,1.7
20,Miami,NASDAQ-100 Open,3/24/06,Masters,Outdoor,Hard,1st Round,3,Greul S.,Srichaphan P.,130,38,318,845,5,7,6,2,7,5,,,,,2,1,Completed,4.5,1.16,4.1,1.22,4.45,1.2,5.2,1.217,4.8,1.16
20,Miami,NASDAQ-100 Open,3/24/06,Masters,Outdoor,Hard,1st Round,3,Martin A.,Pavel A.,60,88,687,455,6,2,6,2,,,,,,,2,0,Completed,2,1.72,1.93,1.83,2.1,1.7,2.26,1.735,2,1.77
20,Miami,NASDAQ-100 Open,3/24/06,Masters,Outdoor,Hard,1st Round,3,Henman T.,Safin M.,56,47,710,790,6,3,6,3,,,,,,,2,0,Completed,2.79,1.36,2.85,1.4,2.75,1.42,3.25,1.408,2.9,1.38
20,Miami,NASDAQ-100 Open,3/24/06,Masters,Outdoor,Hard,1st Round,3,Bastl G.,Bracciali D.,147,67,280,588,6,7,6,1,6,4,,,,,2,1,Completed,2.25,1.57,2.2,1.65,2.35,1.55,2.45,1.645,2.35,1.55
20,Miami,NASDAQ-100 Open,3/24/06,Masters,Outdoor,Hard,1st Round,3,Lopez F.,Kuznetsov A.,45,566,805,38,6,4,4,6,6,1,,,,,2,1,Completed,1.22,4,,,1.28,3.46,1.299,4.05,1.2,4.2
20,Miami,NASDAQ-100 Open,3/24/06,Masters,Outdoor,Hard,1st Round,3,Tursunov D.,Capdeville P.,36,105,870,394,6,2,6,1,,,,,,,2,0,Completed,1.28,3.5,1.35,3.1,1.33,3.15,1.383,3.41,1.36,3
20,Miami,NASDAQ-100 Open,3/24/06,Masters,Outdoor,Hard,1st Round,3,Montanes A.,Kunitsyn I.,89,120,451,355,6,4,6,2,,,,,,,2,0,Completed,3,1.36,,,3.35,1.3,3.15,1.426,,
20,Miami,NASDAQ-100 Open,3/24/06,Masters,Outdoor,Hard,2nd Round,3,Calleri A.,Monfils G.,65,29,602,1044,7,5,6,4,,,,,,,2,0,Completed,1.83,1.83,1.77,2,1.75,2,1.8,2.15,1.8,1.95
20,Miami,NASDAQ-100 Open,3/24/06,Masters,Outdoor,Hard,2nd Round,3,Ginepri R.,Carlsen K.,21,110,1450,375,6,2,7,5,,,,,,,2,0,Completed,1.53,2.37,1.5,2.55,1.48,2.53,1.552,2.71,1.44,2.7
20,Miami,NASDAQ-100 Open,3/24/06,Masters,Outdoor,Hard,2nd Round,3,Ljubicic I.,Vik R.,6,70,2295,553,6,3,6,7,6,3,,,,,2,1,Completed,1.11,6,1.11,6.25,1.1,6.75,1.095,9.5,1.11,6.3
20,Miami,NASDAQ-100 Open,3/24/06,Masters,Outdoor,Hard,2nd Round,3,Volandri F.,Llodra M.,31,145,931,281,3,6,7,6,6,2,,,,,2,1,Completed,2.62,1.44,2.7,1.45,2.65,1.45,2.76,1.538,,
20,Miami,NASDAQ-100 Open,3/24/06,Masters,Outdoor,Hard,2nd Round,3,Davydenko N.,Fish M.,5,265,2420,125,6,4,7,5,,,,,,,2,0,Completed,1.36,3,1.37,3,1.35,3.1,1.444,3.05,1.35,3.05
20,Miami,NASDAQ-100 Open,3/24/06,Masters,Outdoor,Hard,2nd Round,3,Baghdatis M.,Bogomolov A.,26,167,1339,242,6,2,6,4,,,,,,,2,0,Completed,1.16,4.5,1.16,5,1.17,4.67,1.175,6.2,1.1,6.5
20,Miami,NASDAQ-100 Open,3/24/06,Masters,Outdoor,Hard,2nd Round,3,Moya C.,Nadal R.,35,2,900,4890,2,6,6,1,6,1,,,,,2,1,Completed,4.5,1.16,4.4,1.2,4.25,1.2,6.82,1.156,4.3,1.2
20,Miami,NASDAQ-100 Open,3/24/06,Masters,Outdoor,Hard,2nd Round,3,Gonzalez F.,Wawrinka S.,19,58,1470,692,3,6,6,2,7,6,,,,,2,1,Completed,1.72,2,1.93,1.83,1.87,1.87,1.8,2.15,1.87,1.87
20,Miami,NASDAQ-100 Open,3/24/06,Masters,Outdoor,Hard,2nd Round,3,Rochus C.,Phau B.,50,72,785,544,5,7,6,4,6,2,,,,,2,1,Completed,,,,,,,,,,
20,Miami,NASDAQ-100 Open,3/24/06,Masters,Outdoor,Hard,2nd Round,3,Ancic M.,Kim K.,23,122,1425,351,6,3,2,6,6,4,,,,,2,1,Completed,1.28,3.5,1.3,3.4,1.28,3.46,1.295,4.09,1.28,3.5
20,Miami,NASDAQ-100 Open,3/24/06,Masters,Outdoor,Hard,2nd Round,3,Stepanek R.,Malisse X.,16,40,1530,826,6,1,6,4,,,,,,,2,0,Completed,2.25,1.57,2.25,1.62,2.3,1.6,2.44,1.649,2.35,1.55
20,Miami,NASDAQ-100 Open,3/24/06,Masters,Outdoor,Hard,2nd Round,3,Kiefer N.,Santoro F.,17,49,1480,785,7,6,2,6,6,4,,,,,2,1,Completed,1.8,1.9,1.88,1.88,1.85,1.9,1.909,2,2.05,1.73
20,Miami,NASDAQ-100 Open,3/24/06,Masters,Outdoor,Hard,2nd Round,3,Serra F.,Gasquet R.,39,12,837,1595,7,6,6,3,,,,,,,2,0,Completed,3.25,1.33,3.1,1.35,2.92,1.37,3.8,1.323,2.92,1.38
20,Miami,NASDAQ-100 Open,3/25/06,Masters,Outdoor,Hard,2nd Round,3,Berdych T.,Acasuso J.,27,34,1320,903,6,1,6,2,,,,,,,2,0,Completed,1.33,3,1.4,2.85,1.46,2.6,1.461,2.97,1.48,2.55
20,Miami,NASDAQ-100 Open,3/25/06,Masters,Outdoor,Hard,2nd Round,3,Massu N.,Robredo T.,43,22,825,1430,6,4,6,4,,,,,,,2,0,Completed,2.25,1.57,2.05,1.75,2.15,1.65,2.38,1.676,2.15,1.66
20,Miami,NASDAQ-100 Open,3/25/06,Masters,Outdoor,Hard,2nd Round,3,Nalbandian D.,Goldstein P.,3,64,2560,607,3,6,7,5,7,6,,,,,2,1,Completed,1.19,4.33,1.2,4.4,1.17,4.67,1.185,5.91,1.15,5.1
20,Miami,NASDAQ-100 Open,3/25/06,Masters,Outdoor,Hard,2nd Round,3,Ferrer D.,Montanes A.,11,89,1700,451,6,1,6,1,,,,,,,2,0,Completed,1.36,3,1.35,3.1,1.4,2.85,1.365,3.54,1.35,3.05
20,Miami,NASDAQ-100 Open,3/25/06,Masters,Outdoor,Hard,2nd Round,3,Tursunov D.,Ferrero J.C.,36,15,870,1550,6,3,7,6,,,,,,,2,0,Completed,1.61,2.2,1.65,2.2,1.7,2.1,1.746,2.24,1.64,2.18
20,Miami,NASDAQ-100 Open,3/25/06,Masters,Outdoor,Hard,2nd Round,3,Henman T.,Hewitt L.,56,14,710,1575,7,6,6,3,,,,,,,2,0,Completed,3,1.36,3.2,1.33,3.1,1.35,3.27,1.405,3.08,1.35
20,Miami,NASDAQ-100 Open,3/25/06,Masters,Outdoor,Hard,2nd Round,3,Andreev I.,Bastl G.,25,147,1375,280,6,4,6,4,,,,,,,2,0,Completed,1.25,3.75,1.22,4.1,1.215,4.065,1.274,4.35,1.25,3.75
20,Miami,NASDAQ-100 Open,3/25/06,Masters,Outdoor,Hard,2nd Round,3,Grosjean S.,Lopez F.,20,45,1450,805,6,3,7,6,,,,,,,2,0,Completed,1.28,3.5,1.33,3.2,1.25,3.9,1.307,3.96,1.28,3.5
20,Miami,NASDAQ-100 Open,3/25/06,Masters,Outdoor,Hard,2nd Round,3,Greul S.,Hrbaty D.,130,18,318,1470,7,6,6,3,,,,,,,2,0,Completed,3.5,1.28,3.1,1.35,3.35,1.3,3.8,1.323,3.05,1.35
20,Miami,NASDAQ-100 Open,3/25/06,Masters,Outdoor,Hard,2nd Round,3,Blake J.,Berlocq C.,9,81,1880,500,6,0,6,0,,,,,,,2,0,Completed,1.07,7.5,1.06,8.5,1.07,7.19,1.08,11.5,1.05,11
20,Miami,NASDAQ-100 Open,3/25/06,Masters,Outdoor,Hard,2nd Round,3,Federer R.,Clement A.,1,53,6935,746,6,2,6,7,6,0,,,,,2,1,Completed,1.03,10,1.03,11,1.04,9.25,1.039,21.5,1.03,12
20,Miami,NASDAQ-100 Open,3/25/06,Masters,Outdoor,Hard,2nd Round,3,Chela J.I.,Rusedski G.,33,48,925,790,6,4,6,4,,,,,,,2,0,Completed,1.72,2,1.65,2.2,1.65,2.15,1.649,2.44,1.65,2.18
20,Miami,NASDAQ-100 Open,3/25/06,Masters,Outdoor,Hard,2nd Round,3,Haas T.,Horna L.,28,46,1250,797,6,0,6,3,,,,,,,2,0,Completed,1.22,4,1.22,4.1,1.23,3.89,1.331,3.72,1.22,4
20,Miami,NASDAQ-100 Open,3/25/06,Masters,Outdoor,Hard,2nd Round,3,Rochus O.,Mirnyi M.,30,55,965,720,6,4,3,6,6,1,,,,,2,1,Completed,1.66,2.1,1.65,2.2,1.7,2.1,1.685,2.36,1.58,2.3
20,Miami,NASDAQ-100 Open,3/25/06,Masters,Outdoor,Hard,2nd Round,3,Vliegen K.,Gaudio G.,57,8,700,1985,7,5,7,6,,,,,,,2,0,Completed,2,1.72,2.05,1.75,1.95,1.8,2.1,1.833,2.1,1.7
20,Miami,NASDAQ-100 Open,3/25/06,Masters,Outdoor,Hard,2nd Round,3,Coria G.,Djokovic N.,7,66,2025,596,7,5,6,1,,,,,,,2,0,Completed,2.1,1.66,2.4,1.55,2.1,1.7,2.48,1.633,2.22,1.62
20,Miami,NASDAQ-100 Open,3/26/06,Masters,Outdoor,Hard,2nd Round,3,Nieminen J.,Philippoussis M.,24,169,1425,240,6,4,7,6,,,,,,,2,0,Completed,1.3,3.25,1.37,3,1.35,3.1,1.313,3.9,1.35,3.05
20,Miami,NASDAQ-100 Open,3/26/06,Masters,Outdoor,Hard,2nd Round,3,Verdasco F.,Spadea V.,32,79,930,515,1,6,6,4,6,3,,,,,2,1,Completed,1.83,1.83,2,1.77,2.15,1.65,2.14,1.806,2.1,1.7
20,Miami,NASDAQ-100 Open,3/26/06,Masters,Outdoor,Hard,2nd Round,3,Roddick A.,Martin A.,4,60,2535,687,6,3,6,1,,,,,,,2,0,Completed,1.12,5.5,1.16,5,1.15,5.2,1.163,6.54,1.15,5.2
20,Miami,NASDAQ-100 Open,3/26/06,Masters,Outdoor,Hard,3rd Round,3,Nalbandian D.,Berdych T.,3,27,2560,1320,6,7,6,1,6,0,,,,,2,1,Completed,1.66,2.1,1.6,2.3,1.7,2.1,1.709,2.31,1.65,2.2
20,Miami,NASDAQ-100 Open,3/26/06,Masters,Outdoor,Hard,3rd Round,3,Ancic M.,Serra F.,23,39,1425,837,7,6,6,7,6,2,,,,,2,1,Completed,1.44,2.62,1.48,2.6,1.55,2.35,1.51,2.81,1.57,2.32
20,Miami,NASDAQ-100 Open,3/26/06,Masters,Outdoor,Hard,3rd Round,3,Davydenko N.,Baghdatis M.,5,26,2420,1339,2,6,6,2,7,5,,,,,2,1,Completed,1.83,1.83,2,1.77,2.1,1.7,2.07,1.855,1.96,1.8
20,Miami,NASDAQ-100 Open,3/26/06,Masters,Outdoor,Hard,3rd Round,3,Stepanek R.,Massu N.,16,43,1530,825,6,7,7,6,7,5,,,,,2,1,Completed,1.57,2.25,1.67,2.15,1.75,2.05,1.813,2.13,1.58,2.3
20,Miami,NASDAQ-100 Open,3/26/06,Masters,Outdoor,Hard,3rd Round,3,Kiefer N.,Gonzalez F.,17,19,1480,1470,6,2,3,6,7,5,,,,,2,1,Completed,1.66,2.1,1.67,2.15,1.55,2.35,1.617,2.52,1.54,2.4
20,Miami,NASDAQ-100 Open,3/27/06,Masters,Outdoor,Hard,3rd Round,3,Ljubicic I.,Volandri F.,6,31,2295,931,6,2,6,3,,,,,,,2,0,Completed,1.08,7,1.08,7.25,1.1,6.75,1.091,9.98,1.08,7.5
20,Miami,NASDAQ-100 Open,3/27/06,Masters,Outdoor,Hard,3rd Round,3,Calleri A.,Moya C.,65,35,602,900,6,3,7,6,,,,,,,2,0,Completed,2.62,1.44,2.55,1.5,2.335,1.56,2.69,1.559,2.55,1.48
20,Miami,NASDAQ-100 Open,3/27/06,Masters,Outdoor,Hard,3rd Round,3,Rochus C.,Ginepri R.,50,21,785,1450,4,6,7,5,6,3,,,,,2,1,Completed,2.5,1.5,3.1,1.35,2.28,1.58,2.5,1.625,3.5,1.28
20,Miami,NASDAQ-100 Open,3/27/06,Masters,Outdoor,Hard,3rd Round,3,Tursunov D.,Andreev I.,36,25,870,1375,6,3,1,6,6,4,,,,,2,1,Completed,2,1.72,2,1.77,1.85,1.9,2.05,1.87,1.96,1.8
20,Miami,NASDAQ-100 Open,3/27/06,Masters,Outdoor,Hard,3rd Round,3,Greul S.,Henman T.,130,56,318,710,0,6,6,1,7,5,,,,,2,1,Completed,3.75,1.25,3.55,1.28,3.75,1.25,4.14,1.291,3.45,1.29
20,Miami,NASDAQ-100 Open,3/27/06,Masters,Outdoor,Hard,3rd Round,3,Blake J.,Nieminen J.,9,24,1880,1425,6,3,4,6,6,1,,,,,2,1,Completed,1.33,3.25,1.37,3,1.37,2.92,1.357,3.6,1.35,3.1
20,Miami,NASDAQ-100 Open,3/27/06,Masters,Outdoor,Hard,3rd Round,3,Ferrer D.,Grosjean S.,11,20,1700,1450,4,6,7,5,6,4,,,,,2,1,Completed,2.62,1.44,2.7,1.45,2.75,1.42,2.75,1.541,2.65,1.45
20,Miami,NASDAQ-100 Open,3/27/06,Masters,Outdoor,Hard,3rd Round,3,Roddick A.,Verdasco F.,4,32,2535,930,6,3,6,4,,,,,,,2,0,Completed,1.22,4,1.22,4.1,1.28,3.46,1.298,4.06,1.27,3.55
20,Miami,NASDAQ-100 Open,3/28/06,Masters,Outdoor,Hard,3rd Round,3,Rochus O.,Coria G.,30,7,965,2025,6,4,6,3,,,,,,,2,0,Completed,1.66,2.1,1.65,2.2,1.655,2.15,1.645,2.45,1.65,2.18
20,Miami,NASDAQ-100 Open,3/28/06,Masters,Outdoor,Hard,3rd Round,3,Chela J.I.,Vliegen K.,33,57,925,700,6,3,7,6,,,,,,,2,0,Completed,1.53,2.37,1.6,2.3,1.6,2.25,1.543,2.74,1.54,2.4
20,Miami,NASDAQ-100 Open,3/28/06,Masters,Outdoor,Hard,3rd Round,3,Federer R.,Haas T.,1,28,6935,1250,6,1,6,3,,,,,,,2,0,Completed,1.12,5.5,1.14,5.4,1.13,5.5,1.175,6.2,1.05,8.3
20,Miami,NASDAQ-100 Open,3/28/06,Masters,Outdoor,Hard,4th Round,3,Ancic M.,Davydenko N.,23,5,1425,2420,7,5,6,4,,,,,,,2,0,Completed,2.2,1.61,2.2,1.65,,,2.45,1.645,2.45,1.52
20,Miami,NASDAQ-100 Open,3/28/06,Masters,Outdoor,Hard,4th Round,3,Ljubicic I.,Rochus C.,6,50,2295,785,6,3,6,1,,,,,,,2,0,Completed,1.08,7,1.1,6.75,1.12,5.66,1.1,9,1.13,5.4
20,Miami,NASDAQ-100 Open,3/28/06,Masters,Outdoor,Hard,4th Round,3,Calleri A.,Kiefer N.,65,17,602,1480,3,6,6,3,7,5,,,,,2,1,Completed,2.25,1.57,2.45,1.53,2.35,1.55,2.48,1.633,2.3,1.58
20,Miami,NASDAQ-100 Open,3/28/06,Masters,Outdoor,Hard,4th Round,3,Roddick A.,Greul S.,4,130,2535,318,6,3,3,6,6,2,,,,,2,1,Completed,1.1,6.5,1.1,6.75,1.11,5.84,1.128,8,1.14,5.25
20,Miami,NASDAQ-100 Open,3/28/06,Masters,Outdoor,Hard,4th Round,3,Ferrer D.,Rochus O.,11,30,1700,965,6,7,7,6,7,5,,,,,2,1,Completed,2.62,1.44,2.7,1.45,2.6,1.46,3.1,1.435,2.7,1.43
20,Miami,NASDAQ-100 Open,3/28/06,Masters,Outdoor,Hard,4th Round,3,Federer R.,Tursunov D.,1,36,6935,870,6,3,6,3,,,,,,,2,0,Completed,1.04,9,1.03,11.25,1.03,13,1.048,17,1.08,7.25
20,Miami,NASDAQ-100 Open,3/29/06,Masters,Outdoor,Hard,4th Round,3,Nalbandian D.,Stepanek R.,3,16,2560,1530,6,3,6,4,,,,,,,2,0,Completed,1.36,3,1.38,3,1.395,2.83,1.4,3.3,1.36,3
20,Miami,NASDAQ-100 Open,3/29/06,Masters,Outdoor,Hard,4th Round,3,Blake J.,Chela J.I.,9,33,1880,925,4,6,6,1,6,0,,,,,2,1,Completed,1.22,4,1.23,4,1.28,3.46,1.235,4.85,1.23,3.8
20,Miami,NASDAQ-100 Open,3/29/06,Masters,Outdoor,Hard,Quarterfinals,3,Ljubicic I.,Calleri A.,6,65,2295,602,7,6,6,3,,,,,,,2,0,Completed,1.14,5,1.2,4.25,1.2,4.25,1.225,4.95,1.18,4.5
20,Miami,NASDAQ-100 Open,3/30/06,Masters,Outdoor,Hard,Quarterfinals,3,Nalbandian D.,Ancic M.,3,23,2560,1425,6,2,6,2,,,,,,,2,0,Completed,1.36,3,1.4,2.8,1.4,2.85,1.413,3.22,1.4,2.85
20,Miami,NASDAQ-100 Open,3/30/06,Masters,Outdoor,Hard,Quarterfinals,3,Ferrer D.,Roddick A.,11,4,1700,2535,6,3,4,6,6,4,,,,,2,1,Completed,3.5,1.28,3,1.37,2.92,1.37,3.29,1.402,3.4,1.3
20,Miami,NASDAQ-100 Open,3/31/06,Masters,Outdoor,Hard,Quarterfinals,3,Federer R.,Blake J.,1,9,6935,1880,7,6,6,4,,,,,,,2,0,Completed,1.1,6.5,1.11,6.25,1.1,6.75,1.121,8.46,1.1,6.4
20,Miami,NASDAQ-100 Open,3/31/06,Masters,Outdoor,Hard,Semifinals,3,Ljubicic I.,Nalbandian D.,6,3,2295,2560,6,1,6,2,,,,,,,2,0,Completed,2.25,1.61,2.15,1.67,2.15,1.65,2.38,1.676,2.18,1.65
20,Miami,NASDAQ-100 Open,4/1/06,Masters,Outdoor,Hard,Semifinals,3,Federer R.,Ferrer D.,1,11,6935,1700,6,1,6,4,,,,,,,2,0,Completed,1.03,12,1.03,11,1.05,8.5,1.04,21,1.03,14
20,Miami,NASDAQ-100 Open,4/2/06,Masters,Outdoor,Hard,The Final,5,Federer R.,Ljubicic I.,1,6,6935,2295,7,6,7,6,7,6,,,,,3,0,Completed,1.1,7,1.1,6.6,1.1,7.25,1.13,8,1.09,7.6
21,Houston,U.S. Men's Clay Court Championships,4/10/06,International,Outdoor,Clay,1st Round,3,Marach O.,Marin J.A.,111,97,376,416,6,4,6,1,,,,,,,2,0,Completed,2.1,1.66,2,1.77,1.95,1.8,2.06,1.862,1.98,1.78
21,Houston,U.S. Men's Clay Court Championships,4/11/06,International,Outdoor,Clay,1st Round,3,Melzer J.,Minar I.,72,106,520,385,7,6,6,0,,,,,,,2,0,Completed,1.5,2.5,1.55,2.35,1.45,2.6,1.599,2.57,1.52,2.45
21,Houston,U.S. Men's Clay Court Championships,4/11/06,International,Outdoor,Clay,1st Round,3,Behrend T.,Sabau R.,113,103,374,404,7,5,5,7,7,5,,,,,2,1,Completed,1.83,1.83,1.8,1.95,1.75,2,1.962,1.943,1.8,1.95
21,Houston,U.S. Men's Clay Court Championships,4/11/06,International,Outdoor,Clay,1st Round,3,Haas T.,Hernandez O.,27,120,1250,351,6,1,6,4,,,,,,,2,0,Completed,1.1,6,1.13,5.4,1.13,5.5,1.136,7.68,1.14,5.2
21,Houston,U.S. Men's Clay Court Championships,4/11/06,International,Outdoor,Clay,1st Round,3,Montanes A.,Ginepri R.,93,19,428,1465,6,4,6,4,,,,,,,2,0,Completed,1.83,1.83,1.77,2.05,2,1.75,1.813,2.13,1.76,2
21,Houston,U.S. Men's Clay Court Championships,4/11/06,International,Outdoor,Clay,1st Round,3,Spadea V.,Berlocq C.,76,79,500,480,6,1,6,3,,,,,,,2,0,Completed,1.53,2.37,1.58,2.3,1.6,2.3,1.595,2.58,1.45,2.63
21,Houston,U.S. Men's Clay Court Championships,4/11/06,International,Outdoor,Clay,1st Round,3,Waske A.,Vanek J.,96,101,422,407,6,4,2,6,7,6,,,,,2,1,Completed,2.25,1.57,2.35,1.57,2.35,1.55,2.58,1.595,2.35,1.55
21,Houston,U.S. Men's Clay Court Championships,4/11/06,International,Outdoor,Clay,1st Round,3,Vicente F.,Reynolds B.,123,107,350,385,6,2,6,1,,,,,,,2,0,Completed,1.39,2.75,1.43,2.7,1.45,2.6,1.397,3.32,1.4,2.85
21,Houston,U.S. Men's Clay Court Championships,4/11/06,International,Outdoor,Clay,1st Round,3,Fish M.,Monaco J.,212,91,180,431,6,2,1,6,7,6,,,,,2,1,Completed,2.75,1.39,2.65,1.45,2.75,1.42,3.12,1.431,2.66,1.44
21,Houston,U.S. Men's Clay Court Championships,4/11/06,International,Outdoor,Clay,1st Round,3,Schuettler R.,Muller G.,75,73,513,517,6,0,6,3,,,,,,,2,0,Completed,,,1.8,1.95,,,,,,
21,Houston,U.S. Men's Clay Court Championships,4/11/06,International,Outdoor,Clay,1st Round,3,Jenkins S.,Kunitsyn I.,243,110,141,378,7,5,2,6,6,3,,,,,2,1,Completed,2.5,1.5,2.4,1.53,,,2.4,1.667,2.45,1.52
21,Houston,U.S. Men's Clay Court Championships,4/12/06,International,Outdoor,Clay,1st Round,3,Roddick A.,Capdeville P.,4,104,2655,399,6,3,6,2,,,,,,,2,0,Completed,1.12,5.5,1.14,5.25,1.13,5.5,1.19,5.76,1.16,4.85
21,Houston,U.S. Men's Clay Court Championships,4/12/06,International,Outdoor,Clay,1st Round,3,Dupuis A.,Blake J.,159,8,252,1985,7,6,3,6,6,1,,,,,2,1,Completed,4,1.19,4.25,1.2,4.06,1.21,4.81,1.238,,
21,Houston,U.S. Men's Clay Court Championships,4/12/06,International,Outdoor,Clay,1st Round,3,Goldstein P.,Tipsarevic J.,64,98,612,415,6,3,6,3,,,,,,,2,0,Completed,1.66,2.1,1.65,2.15,1.55,2.35,1.709,2.31,1.55,2.37
21,Houston,U.S. Men's Clay Court Championships,4/12/06,International,Outdoor,Clay,1st Round,3,Daniel M.,Horna L.,84,45,456,812,6,3,6,4,,,,,,,2,0,Completed,3,1.36,3.15,1.33,2.85,1.4,3.53,1.366,2.85,1.4
21,Houston,U.S. Men's Clay Court Championships,4/13/06,International,Outdoor,Clay,1st Round,3,Baghdatis M.,Witten J.,24,213,1369,179,6,4,7,6,,,,,,,2,0,Completed,1.08,6.5,1.08,7,1.07,7.19,1.124,8.25,,
21,Houston,U.S. Men's Clay Court Championships,4/12/06,International,Outdoor,Clay,2nd Round,3,Haas T.,Waske A.,27,96,1250,422,6,1,7,6,,,,,,,2,0,Completed,1.1,6.5,1.11,5.9,1.1,6.75,1.127,8.08,1.14,5.3
21,Houston,U.S. Men's Clay Court Championships,4/13/06,International,Outdoor,Clay,2nd Round,3,Roddick A.,Marach O.,4,111,2655,376,6,3,6,4,,,,,,,2,0,Completed,1.07,7.5,1.08,7,1.07,7.19,1.148,7.16,1.1,7
21,Houston,U.S. Men's Clay Court Championships,4/13/06,International,Outdoor,Clay,2nd Round,3,Fish M.,Schuettler R.,212,75,180,513,,,,,,,,,,,,,Walkover,1.83,1.83,2,1.75,2.1,1.7,1.917,1.99,1.98,1.78
21,Houston,U.S. Men's Clay Court Championships,4/13/06,International,Outdoor,Clay,2nd Round,3,Montanes A.,Behrend T.,93,113,428,374,6,2,6,3,,,,,,,2,0,Completed,1.57,2.25,1.6,2.25,1.48,2.53,1.671,2.39,1.55,2.38
21,Houston,U.S. Men's Clay Court Championships,4/13/06,International,Outdoor,Clay,2nd Round,3,Goldstein P.,Jenkins S.,64,243,612,141,6,4,6,1,,,,,,,2,0,Completed,1.33,3.25,1.36,3,1.3,3.35,1.426,3.15,1.32,3.25
21,Houston,U.S. Men's Clay Court Championships,4/14/06,International,Outdoor,Clay,2nd Round,3,Melzer J.,Daniel M.,72,84,520,456,7,6,6,4,,,,,,,2,0,Completed,1.61,2.2,1.72,2.05,1.68,2.15,1.806,2.14,1.6,2.25
21,Houston,U.S. Men's Clay Court Championships,4/14/06,International,Outdoor,Clay,2nd Round,3,Spadea V.,Baghdatis M.,76,24,500,1369,6,2,3,1,,,,,,,1,0,Retied,,,3,1.36,3.1,1.35,3.14,1.427,2.92,1.38
21,Houston,U.S. Men's Clay Court Championships,4/14/06,International,Outdoor,Clay,2nd Round,3,Vicente F.,Dupuis A.,123,159,350,252,6,2,7,5,,,,,,,2,0,Completed,1.53,2.37,1.5,2.35,1.5,2.45,1.493,2.83,1.5,2.5
21,Houston,U.S. Men's Clay Court Championships,4/14/06,International,Outdoor,Clay,Quarterfinals,3,Melzer J.,Vicente F.,72,123,520,350,7,5,6,4,,,,,,,2,0,Completed,1.66,2.1,1.85,1.92,1.8,1.95,1.84,2.09,1.76,2
21,Houston,U.S. Men's Clay Court Championships,4/14/06,International,Outdoor,Clay,Quarterfinals,3,Goldstein P.,Montanes A.,64,93,612,428,6,3,6,4,,,,,,,2,0,Completed,2.25,1.57,2.4,1.55,2.45,1.5,2.55,1.606,2.38,1.55
21,Houston,U.S. Men's Clay Court Championships,4/14/06,International,Outdoor,Clay,Quarterfinals,3,Fish M.,Spadea V.,212,76,180,500,4,6,7,6,6,2,,,,,2,1,Completed,2.2,1.61,2.1,1.7,2.4,1.53,2.44,1.649,2.38,1.55
21,Houston,U.S. Men's Clay Court Championships,4/15/06,International,Outdoor,Clay,Quarterfinals,3,Haas T.,Roddick A.,27,4,1250,2655,6,7,6,4,6,4,,,,,2,1,Completed,1.8,1.9,1.75,2.05,1.76,1.99,1.794,2.16,1.85,1.95
21,Houston,U.S. Men's Clay Court Championships,4/15/06,International,Outdoor,Clay,Semifinals,3,Melzer J.,Goldstein P.,72,64,520,612,6,3,6,4,,,,,,,2,0,Completed,1.61,2.2,1.77,2,1.6,2.3,1.725,2.28,1.74,2.05
21,Houston,U.S. Men's Clay Court Championships,4/16/06,International,Outdoor,Clay,Semifinals,3,Fish M.,Haas T.,212,27,180,1250,4,1,,,,,,,,,1,0,Retired,4.5,1.16,4.4,1.2,3.9,1.25,4.45,1.267,3.9,1.24
21,Houston,U.S. Men's Clay Court Championships,4/16/06,International,Outdoor,Clay,The Final,3,Fish M.,Melzer J.,212,72,180,520,3,6,6,4,6,3,,,,,2,1,Completed,2.2,1.61,2.25,1.6,2.3,1.6,2.45,1.65,2.33,1.57
22,Valencia,Open de Tenis Comunidad Valenciana,4/10/06,International,Outdoor,Clay,1st Round,3,Mayer F.,Burniol G.,70,505,544,49,6,0,6,3,,,,,,,2,0,Completed,,,1.33,3.15,1.35,3.1,1.368,3.52,,
22,Valencia,Open de Tenis Comunidad Valenciana,4/10/06,International,Outdoor,Clay,1st Round,3,Pashanski B.,Costa A.,58,214,679,178,3,6,6,3,6,4,,,,,2,1,Completed,,,1.33,3.15,1.35,3.1,1.37,3.5,1.33,3.15
22,Valencia,Open de Tenis Comunidad Valenciana,4/10/06,International,Outdoor,Clay,1st Round,3,Verdasco F.,Martin A.,34,60,905,672,6,3,6,4,,,,,,,2,0,Completed,1.66,2.1,1.8,2,1.8,1.95,1.699,2.33,1.73,2.05
22,Valencia,Open de Tenis Comunidad Valenciana,4/10/06,International,Outdoor,Clay,1st Round,3,Garcia-Lopez G.,Lopez F.,94,43,424,820,6,3,6,3,,,,,,,2,0,Completed,1.83,1.83,1.75,2.05,1.75,2,1.813,2.13,1.8,1.95
22,Valencia,Open de Tenis Comunidad Valenciana,4/10/06,International,Outdoor,Clay,1st Round,3,Gaudio G.,Sluiter R.,9,95,1915,423,7,6,7,6,,,,,,,2,0,Completed,1.1,6,1.11,6.5,1.13,5.5,1.1,9,1.09,6.6
22,Valencia,Open de Tenis Comunidad Valenciana,4/11/06,International,Outdoor,Clay,1st Round,3,Hernych J.,Davydenko N.,85,6,455,2490,7,5,7,5,,,,,,,2,0,Completed,,,,,4.67,1.17,5.55,1.198,4.25,1.2
22,Valencia,Open de Tenis Comunidad Valenciana,4/11/06,International,Outdoor,Clay,1st Round,3,Seppi A.,Ramirez-Hidalgo R.,54,92,723,429,6,2,6,2,,,,,,,2,0,Completed,1.53,2.37,1.6,2.25,1.55,2.35,1.621,2.51,1.56,2.35
22,Valencia,Open de Tenis Comunidad Valenciana,4/11/06,International,Outdoor,Clay,1st Round,3,Simon G.,Vik R.,86,69,455,551,6,3,6,2,,,,,,,2,0,Completed,1.83,1.83,1.87,1.87,1.87,1.87,2.04,1.877,1.9,1.85
22,Valencia,Open de Tenis Comunidad Valenciana,4/11/06,International,Outdoor,Clay,1st Round,3,Ascione T.,Ferrer D.,127,10,336,1605,7,6,,,,,,,,,1,0,Retied,5.5,1.12,5.65,1.12,5.2,1.15,9.25,1.098,5.25,1.14
22,Valencia,Open de Tenis Comunidad Valenciana,4/11/06,International,Outdoor,Clay,1st Round,3,Starace P.,Dlouhy L.,80,74,472,516,6,3,6,3,,,,,,,2,0,Completed,1.44,2.62,1.46,2.6,1.45,2.6,1.581,2.62,1.5,2.5
22,Valencia,Open de Tenis Comunidad Valenciana,4/11/06,International,Outdoor,Clay,1st Round,3,Phau B.,Fraile G.,71,223,527,167,7,6,6,7,6,2,,,,,2,1,Completed,1.9,1.8,2,1.75,1.95,1.8,2.1,1.833,1.9,1.85
22,Valencia,Open de Tenis Comunidad Valenciana,4/11/06,International,Outdoor,Clay,1st Round,3,Volandri F.,Portas A.,33,109,911,383,6,0,6,1,,,,,,,2,0,Completed,1.19,4,1.16,4.85,1.2,4.25,1.238,4.81,1.19,4.4
22,Valencia,Open de Tenis Comunidad Valenciana,4/11/06,International,Outdoor,Clay,1st Round,3,Sanguinetti D.,Gabashvili T.,52,131,735,321,6,7,6,4,6,3,,,,,2,1,Completed,,,,,,,,,,
22,Valencia,Open de Tenis Comunidad Valenciana,4/11/06,International,Outdoor,Clay,1st Round,3,Almagro N.,Ferrero J.C.,77,15,497,1480,6,7,6,4,6,4,,,,,2,1,Completed,2.87,1.36,3.15,1.33,3,1.35,2.92,1.472,2.8,1.41
22,Valencia,Open de Tenis Comunidad Valenciana,4/11/06,International,Outdoor,Clay,1st Round,3,Zib T.,Pavel A.,88,87,453,455,7,5,6,3,,,,,,,2,0,Completed,2,1.72,1.9,1.85,1.75,2,1.909,2,1.96,1.8
22,Valencia,Open de Tenis Comunidad Valenciana,4/11/06,International,Outdoor,Clay,1st Round,3,Safin M.,Andreev I.,50,28,760,1225,7,6,6,4,,,,,,,2,0,Completed,1.83,1.83,1.9,1.85,2.12,1.67,2.22,1.758,2.02,1.74
22,Valencia,Open de Tenis Comunidad Valenciana,4/12/06,International,Outdoor,Clay,2nd Round,3,Simon G.,Sanguinetti D.,86,52,455,735,3,6,7,5,6,3,,,,,2,1,Completed,1.61,2.2,1.55,2.4,1.65,2.15,1.602,2.56,1.65,2.18
22,Valencia,Open de Tenis Comunidad Valenciana,4/12/06,International,Outdoor,Clay,2nd Round,3,Verdasco F.,Starace P.,34,80,905,472,6,3,7,6,,,,,,,2,0,Completed,1.39,2.75,1.5,2.5,1.5,2.45,1.398,3.31,1.48,2.55
22,Valencia,Open de Tenis Comunidad Valenciana,4/12/06,International,Outdoor,Clay,2nd Round,3,Garcia-Lopez G.,Hernych J.,94,85,424,455,6,2,6,4,,,,,,,2,0,Completed,1.53,2.37,1.53,2.4,1.48,2.53,1.524,2.78,1.58,2.3
22,Valencia,Open de Tenis Comunidad Valenciana,4/12/06,International,Outdoor,Clay,2nd Round,3,Seppi A.,Ascione T.,54,127,723,336,1,6,6,1,6,2,,,,,2,1,Completed,1.33,3.25,1.36,3,1.35,3.1,1.372,3.49,1.38,2.92
22,Valencia,Open de Tenis Comunidad Valenciana,4/13/06,International,Outdoor,Clay,2nd Round,3,Volandri F.,Zib T.,33,88,911,453,6,4,6,4,,,,,,,2,0,Completed,1.22,4,1.2,4.25,1.28,3.46,1.234,4.87,1.19,4.4
22,Valencia,Open de Tenis Comunidad Valenciana,4/13/06,International,Outdoor,Clay,2nd Round,3,Almagro N.,Phau B.,77,71,497,527,6,2,6,1,,,,,,,2,0,Completed,1.3,3.39,1.22,4,1.28,3.46,1.282,4.25,1.26,3.65
22,Valencia,Open de Tenis Comunidad Valenciana,4/13/06,International,Outdoor,Clay,2nd Round,3,Safin M.,Pashanski B.,50,58,760,679,6,2,6,2,,,,,,,2,0,Completed,1.16,4.5,1.15,5,1.2,4.25,1.217,5.2,1.18,4.55
22,Valencia,Open de Tenis Comunidad Valenciana,4/13/06,International,Outdoor,Clay,2nd Round,3,Gaudio G.,Mayer F.,9,70,1915,544,6,4,6,2,,,,,,,2,0,Completed,1.36,3,1.38,2.9,1.35,3.1,1.478,2.89,1.4,2.85
22,Valencia,Open de Tenis Comunidad Valenciana,4/14/06,International,Outdoor,Clay,Quarterfinals,3,Simon G.,Seppi A.,86,54,455,723,7,6,7,6,,,,,,,2,0,Completed,2.5,1.5,2.5,1.5,2.75,1.42,2.94,1.467,2.75,1.42
22,Valencia,Open de Tenis Comunidad Valenciana,4/14/06,International,Outdoor,Clay,Quarterfinals,3,Almagro N.,Volandri F.,77,33,497,911,6,4,6,1,,,,,,,2,0,Completed,2.37,1.53,2.4,1.53,2.45,1.5,2.72,1.549,2.33,1.57
22,Valencia,Open de Tenis Comunidad Valenciana,4/14/06,International,Outdoor,Clay,Quarterfinals,3,Safin M.,Gaudio G.,50,9,760,1915,6,4,6,4,,,,,,,2,0,Completed,1.61,2.2,1.67,2.15,1.7,2.1,1.775,2.19,1.65,2.18
22,Valencia,Open de Tenis Comunidad Valenciana,4/14/06,International,Outdoor,Clay,Quarterfinals,3,Verdasco F.,Garcia-Lopez G.,34,94,905,424,6,7,6,4,6,3,,,,,2,1,Completed,1.57,2.25,1.55,2.4,1.53,2.4,1.546,2.73,1.56,2.35
22,Valencia,Open de Tenis Comunidad Valenciana,4/15/06,International,Outdoor,Clay,Semifinals,3,Simon G.,Verdasco F.,86,34,455,905,6,2,7,6,,,,,,,2,0,Completed,3.39,1.3,3.2,1.33,3.1,1.35,3.68,1.336,3.05,1.35
22,Valencia,Open de Tenis Comunidad Valenciana,4/15/06,International,Outdoor,Clay,Semifinals,3,Almagro N.,Safin M.,77,50,497,760,6,2,2,6,6,4,,,,,2,1,Completed,3.25,1.33,3.45,1.3,3.35,1.3,3.64,1.352,3.55,1.27
22,Valencia,Open de Tenis Comunidad Valenciana,4/16/06,International,Outdoor,Clay,The Final,3,Almagro N.,Simon G.,77,86,497,455,6,2,6,3,,,,,,,2,0,Completed,1.5,2.5,1.46,2.65,1.45,2.6,1.481,2.88,1.5,2.5
23,Monte Carlo,Monte Carlo Masters,4/17/06,Masters,Outdoor,Clay,1st Round,3,Acasuso J.,Volandri F.,35,42,900,826,6,4,6,2,,,,,,,2,0,Completed,1.83,1.83,1.77,2,1.7,2.1,1.794,2.16,1.85,1.9
23,Monte Carlo,Monte Carlo Masters,4/17/06,Masters,Outdoor,Clay,1st Round,3,Llodra M.,Pashanski B.,139,58,301,679,6,3,6,0,,,,,,,2,0,Completed,3.25,1.33,3.2,1.33,2.85,1.4,3.6,1.357,3,1.36
23,Monte Carlo,Monte Carlo Masters,4/17/06,Masters,Outdoor,Clay,1st Round,3,Hernych J.,Benneteau J.,84,82,465,468,7,6,4,6,7,6,,,,,2,1,Completed,1.66,2.1,1.65,2.2,1.7,2.1,1.699,2.33,1.7,2.08
23,Monte Carlo,Monte Carlo Masters,4/17/06,Masters,Outdoor,Clay,1st Round,3,Martin A.,Karlovic I.,66,55,622,701,6,4,7,6,,,,,,,2,0,Completed,1.33,3.25,1.35,3.1,1.37,2.92,1.364,3.55,1.4,2.85
23,Monte Carlo,Monte Carlo Masters,4/17/06,Masters,Outdoor,Clay,1st Round,3,Vliegen K.,Nieminen J.,57,20,679,1440,1,6,6,4,7,6,,,,,2,1,Completed,3,1.36,2.7,1.45,2.75,1.42,3.07,1.441,2.85,1.4
23,Monte Carlo,Monte Carlo Masters,4/17/06,Masters,Outdoor,Clay,1st Round,3,Kiefer N.,Mirnyi M.,13,50,1520,735,6,4,4,6,7,6,,,,,2,1,Completed,1.33,3.25,1.35,3.1,1.37,2.92,1.316,3.86,1.26,3.65
23,Monte Carlo,Monte Carlo Masters,4/17/06,Masters,Outdoor,Clay,1st Round,3,Nalbandian D.,Malisse X.,3,41,2750,831,6,4,6,4,,,,,,,2,0,Completed,1.22,4,1.25,3.85,1.3,3.35,1.245,4.68,1.29,3.4
23,Monte Carlo,Monte Carlo Masters,4/17/06,Masters,Outdoor,Clay,1st Round,3,Rochus O.,Monfils G.,29,32,1005,974,4,6,6,4,6,1,,,,,2,1,Completed,1.66,2.1,1.65,2.2,1.68,2.1,1.654,2.43,1.58,2.3
23,Monte Carlo,Monte Carlo Masters,4/17/06,Masters,Outdoor,Clay,1st Round,3,Federer R.,Djokovic N.,1,67,6810,606,6,3,2,6,6,3,,,,,2,1,Completed,1.05,8.5,1.05,9,1.05,8.5,1.055,15.25,1.05,10
23,Monte Carlo,Monte Carlo Masters,4/17/06,Masters,Outdoor,Clay,1st Round,3,Seppi A.,Sanguinetti D.,54,51,713,735,2,6,6,1,6,4,,,,,2,1,Completed,1.44,2.62,1.37,3,1.32,3.22,1.407,3.26,1.49,2.52
23,Monte Carlo,Monte Carlo Masters,4/17/06,Masters,Outdoor,Clay,1st Round,3,Stepanek R.,Korolev E.,12,173,1570,228,6,2,7,6,,,,,,,2,0,Completed,1.3,3.39,1.37,3,1.35,3.1,1.358,3.59,1.35,3.05
23,Monte Carlo,Monte Carlo Masters,4/17/06,Masters,Outdoor,Clay,1st Round,3,Ferrero J.C.,Tursunov D.,26,33,1295,930,6,1,6,2,,,,,,,2,0,Completed,1.39,2.75,1.33,3.2,1.34,3.12,1.422,3.17,1.3,3.35
23,Monte Carlo,Monte Carlo Masters,4/17/06,Masters,Outdoor,Clay,1st Round,3,Gaudio G.,Henman T.,8,63,1865,640,6,1,6,3,,,,,,,2,0,Completed,1.36,3,1.37,3,1.37,2.92,1.405,3.27,1.37,2.95
23,Monte Carlo,Monte Carlo Masters,4/17/06,Masters,Outdoor,Clay,1st Round,3,Chela J.I.,Rusedski G.,30,46,975,805,6,4,6,7,6,1,,,,,2,1,Completed,1.16,4.5,1.16,5,1.15,5.2,1.156,6.8,1.14,5.25
23,Monte Carlo,Monte Carlo Masters,4/17/06,Masters,Outdoor,Clay,1st Round,3,Robredo T.,Horna L.,19,43,1440,822,6,3,6,4,,,,,,,2,0,Completed,1.57,2.25,1.62,2.25,1.55,2.35,1.658,2.42,1.52,2.45
23,Monte Carlo,Monte Carlo Masters,4/17/06,Masters,Outdoor,Clay,1st Round,3,di Mauro A.,Wawrinka S.,93,59,428,673,6,2,6,4,,,,,,,2,0,Completed,3,1.36,2.85,1.4,2.85,1.4,3.18,1.42,3,1.36
23,Monte Carlo,Monte Carlo Masters,4/18/06,Masters,Outdoor,Clay,1st Round,3,Berdych T.,Santoro F.,24,47,1340,795,6,2,6,4,,,,,,,2,0,Completed,1.5,2.5,1.55,2.4,1.55,2.35,1.565,2.67,1.6,2.25
23,Monte Carlo,Monte Carlo Masters,4/18/06,Masters,Outdoor,Clay,1st Round,3,Coria G.,Youzhny M.,9,38,1690,865,6,3,6,1,,,,,,,2,0,Completed,1.25,3.75,1.28,3.55,1.21,4.06,1.267,4.45,1.3,3.35
23,Monte Carlo,Monte Carlo Masters,4/18/06,Masters,Outdoor,Clay,1st Round,3,Soderling R.,Davydenko N.,62,6,650,2490,6,3,2,6,6,4,,,,,2,1,Completed,4,1.22,3.55,1.28,3.46,1.28,4.61,1.249,3.65,1.26
23,Monte Carlo,Monte Carlo Masters,4/18/06,Masters,Outdoor,Clay,1st Round,3,Simon G.,Gabashvili T.,69,128,568,325,6,4,6,2,,,,,,,2,0,Completed,1.36,3,1.5,2.55,1.48,2.53,1.476,2.9,1.47,2.57
23,Monte Carlo,Monte Carlo Masters,4/18/06,Masters,Outdoor,Clay,1st Round,3,Starace P.,Mahut N.,79,85,482,459,7,6,6,2,,,,,,,2,0,Completed,1.39,2.75,1.35,3.1,1.34,3.12,1.4,3.3,1.35,3.05
23,Monte Carlo,Monte Carlo Masters,4/18/06,Masters,Outdoor,Clay,1st Round,3,Lopez F.,Hanescu V.,40,53,835,721,6,4,4,6,7,6,,,,,2,1,Completed,2.2,1.61,2.4,1.55,2.53,1.48,2.68,1.562,2.5,1.5
23,Monte Carlo,Monte Carlo Masters,4/18/06,Masters,Outdoor,Clay,1st Round,3,Mathieu P.H.,Safin M.,39,49,848,760,6,0,7,5,,,,,,,2,0,Completed,3.39,1.3,3,1.37,2.92,1.37,3.25,1.408,2.65,1.44
23,Monte Carlo,Monte Carlo Masters,4/18/06,Masters,Outdoor,Clay,1st Round,3,Lisnard J.R.,Murray A.,154,45,257,817,4,6,7,6,7,5,,,,,2,1,Completed,3.39,1.3,3,1.37,3.1,1.35,3.07,1.441,3.05,1.35
23,Monte Carlo,Monte Carlo Masters,4/18/06,Masters,Outdoor,Clay,1st Round,3,Balleret B.,Rochus C.,351,44,88,820,6,3,6,3,,,,,,,2,0,Completed,3.75,1.25,,,,,4.97,1.229,4,1.22
23,Monte Carlo,Monte Carlo Masters,4/18/06,Masters,Outdoor,Clay,1st Round,3,Nadal R.,Clement A.,2,56,4135,691,6,4,6,4,,,,,,,2,0,Completed,1.05,9,1.06,8.5,1.07,7.19,1.061,14,1.08,8.5
23,Monte Carlo,Monte Carlo Masters,4/18/06,Masters,Outdoor,Clay,1st Round,3,Ferrer D.,Massu N.,15,36,1485,900,6,0,4,6,6,2,,,,,2,1,Completed,1.83,1.83,1.88,1.88,1.85,1.85,1.935,1.971,1.72,2.05
23,Monte Carlo,Monte Carlo Masters,4/18/06,Masters,Outdoor,Clay,1st Round,3,Gonzalez F.,Moya C.,21,34,1420,920,6,3,3,6,6,1,,,,,2,1,Completed,2,1.72,1.93,1.83,1.85,1.85,2.13,1.813,1.88,1.88
23,Monte Carlo,Monte Carlo Masters,4/18/06,Masters,Outdoor,Clay,1st Round,3,Hrbaty D.,Bracciali D.,23,68,1370,585,6,4,3,6,6,4,,,,,2,1,Completed,1.33,3.25,1.4,2.85,1.3,3.35,1.388,3.38,1.33,3.15
23,Monte Carlo,Monte Carlo Masters,4/18/06,Masters,Outdoor,Clay,1st Round,3,Grosjean S.,Verdasco F.,18,31,1455,975,7,6,6,3,,,,,,,2,0,Completed,1.66,2.1,1.7,2.1,1.65,2.15,1.709,2.31,1.61,2.24
23,Monte Carlo,Monte Carlo Masters,4/18/06,Masters,Outdoor,Clay,1st Round,3,Serra F.,Srichaphan P.,48,37,782,880,6,1,7,5,,,,,,,2,0,Completed,1.3,3.39,1.35,3.1,1.32,3.22,1.42,3.18,1.33,3.1
23,Monte Carlo,Monte Carlo Masters,4/18/06,Masters,Outdoor,Clay,1st Round,3,Ljubicic I.,Andreev I.,5,28,2615,1235,6,3,4,6,6,2,,,,,2,1,Completed,1.66,2.1,1.83,1.93,1.8,1.95,1.629,2.49,1.76,2
23,Monte Carlo,Monte Carlo Masters,4/19/06,Masters,Outdoor,Clay,2nd Round,3,Nalbandian D.,Seppi A.,3,54,2750,713,7,5,7,5,,,,,,,2,0,Completed,1.19,4.33,1.22,4.1,1.15,4.92,1.238,4.8,1.18,4.5
23,Monte Carlo,Monte Carlo Masters,4/19/06,Masters,Outdoor,Clay,2nd Round,3,Ferrero J.C.,Chela J.I.,26,30,1295,975,6,1,6,2,,,,,,,2,0,Completed,1.44,2.62,1.45,2.7,1.4,2.85,1.452,3.01,1.44,2.7
23,Monte Carlo,Monte Carlo Masters,4/19/06,Masters,Outdoor,Clay,2nd Round,3,Robredo T.,Rochus O.,19,29,1440,1005,7,5,6,4,,,,,,,2,0,Completed,1.5,2.5,1.5,2.55,1.55,2.35,1.51,2.81,1.42,2.7
23,Monte Carlo,Monte Carlo Masters,4/19/06,Masters,Outdoor,Clay,2nd Round,3,Kiefer N.,Llodra M.,13,139,1520,301,7,6,6,4,,,,,,,2,0,Completed,1.33,3.25,1.33,3.2,1.35,3.1,1.38,3.43,1.35,3.05
23,Monte Carlo,Monte Carlo Masters,4/19/06,Masters,Outdoor,Clay,2nd Round,3,di Mauro A.,Stepanek R.,93,12,428,1570,6,2,2,6,7,6,,,,,2,1,Completed,2.75,1.39,2.7,1.45,2.85,1.4,2.86,1.485,2.66,1.44
23,Monte Carlo,Monte Carlo Masters,4/19/06,Masters,Outdoor,Clay,2nd Round,3,Balleret B.,Grosjean S.,351,18,88,1455,4,6,7,5,3,2,,,,,1,1,Retired,6.5,1.1,6,1.12,6.75,1.1,7.7,1.135,8.2,1.08
23,Monte Carlo,Monte Carlo Masters,4/19/06,Masters,Outdoor,Clay,2nd Round,3,Coria G.,Mathieu P.H.,9,39,1690,848,1,6,7,6,6,4,,,,,2,1,Completed,1.36,3,1.4,2.85,1.37,2.92,1.455,3,1.4,2.85
23,Monte Carlo,Monte Carlo Masters,4/19/06,Masters,Outdoor,Clay,2nd Round,3,Federer R.,Martin A.,1,66,6810,622,6,0,6,1,,,,,,,2,0,Completed,1.02,11,1.05,9,1.07,7.19,1.046,17.85,1.04,11
23,Monte Carlo,Monte Carlo Masters,4/19/06,Masters,Outdoor,Clay,2nd Round,3,Simon G.,Berdych T.,69,24,568,1340,7,6,6,7,6,4,,,,,2,1,Completed,2.25,1.57,2.4,1.55,2.28,1.58,2.48,1.633,2.45,1.52
23,Monte Carlo,Monte Carlo Masters,4/19/06,Masters,Outdoor,Clay,2nd Round,3,Ferrer D.,Hrbaty D.,15,23,1485,1370,6,4,3,6,6,4,,,,,2,1,Completed,1.36,3,1.37,3,1.37,2.92,1.3,4.03,1.35,3.05
23,Monte Carlo,Monte Carlo Masters,4/19/06,Masters,Outdoor,Clay,2nd Round,3,Ljubicic I.,Serra F.,5,48,2615,782,4,6,6,3,7,5,,,,,2,1,Completed,1.3,3.39,1.35,3.1,1.3,3.35,1.417,3.2,1.41,2.8
23,Monte Carlo,Monte Carlo Masters,4/19/06,Masters,Outdoor,Clay,2nd Round,3,Gaudio G.,Acasuso J.,8,35,1865,900,6,3,3,6,6,4,,,,,2,1,Completed,1.57,2.25,1.67,2.15,1.7,2.1,1.658,2.42,1.6,2.25
23,Monte Carlo,Monte Carlo Masters,4/19/06,Masters,Outdoor,Clay,2nd Round,3,Vliegen K.,Hernych J.,57,84,679,465,7,5,6,1,,,,,,,2,0,Completed,1.53,2.37,1.53,2.45,1.55,2.35,1.588,2.6,1.5,2.5
23,Monte Carlo,Monte Carlo Masters,4/19/06,Masters,Outdoor,Clay,2nd Round,3,Soderling R.,Starace P.,62,79,650,482,6,4,6,4,,,,,,,2,0,Completed,1.9,1.8,2,1.77,1.9,1.85,2.07,1.855,1.9,1.85
23,Monte Carlo,Monte Carlo Masters,4/19/06,Masters,Outdoor,Clay,2nd Round,3,Nadal R.,Lisnard J.R.,2,154,4135,257,6,4,6,1,,,,,,,2,0,Completed,1,17,1.02,12,1.03,10.5,1.03,26,1.02,20
23,Monte Carlo,Monte Carlo Masters,4/19/06,Masters,Outdoor,Clay,2nd Round,3,Gonzalez F.,Lopez F.,21,40,1420,835,6,7,6,2,7,5,,,,,2,1,Completed,1.28,3.5,1.25,3.85,1.25,3.75,1.255,4.52,1.25,3.8
23,Monte Carlo,Monte Carlo Masters,4/20/06,Masters,Outdoor,Clay,3rd Round,3,Ferrer D.,Ferrero J.C.,15,26,1485,1295,6,1,6,7,6,3,,,,,2,1,Completed,2.5,1.5,2.4,1.55,2.46,1.51,2.63,1.578,2.55,1.48
23,Monte Carlo,Monte Carlo Masters,4/20/06,Masters,Outdoor,Clay,3rd Round,3,Ljubicic I.,Simon G.,5,69,2615,568,6,3,6,2,,,,,,,2,0,Completed,1.4,2.75,1.35,3.1,1.28,3.46,1.408,3.25,1.3,3.38
23,Monte Carlo,Monte Carlo Masters,4/20/06,Masters,Outdoor,Clay,3rd Round,3,Robredo T.,Nalbandian D.,19,3,1440,2750,5,7,6,1,7,5,,,,,2,1,Completed,2.75,1.4,2.55,1.5,2.4,1.53,2.6,1.588,2.28,1.6
23,Monte Carlo,Monte Carlo Masters,4/20/06,Masters,Outdoor,Clay,3rd Round,3,Federer R.,Balleret B.,1,351,6810,88,6,3,6,2,,,,,,,2,0,Completed,1.01,15,1.01,14,1.02,25,1.016,43.5,1.01,50
23,Monte Carlo,Monte Carlo Masters,4/20/06,Masters,Outdoor,Clay,3rd Round,3,Gaudio G.,di Mauro A.,8,93,1865,428,6,2,6,4,,,,,,,2,0,Completed,1.22,4,1.22,4.1,1.18,4.45,1.248,4.64,1.17,4.75
23,Monte Carlo,Monte Carlo Masters,4/20/06,Masters,Outdoor,Clay,3rd Round,3,Nadal R.,Vliegen K.,2,57,4135,679,6,3,6,3,,,,,,,2,0,Completed,1.03,10,1.03,11,1.04,9.25,1.048,17,1.03,14
23,Monte Carlo,Monte Carlo Masters,4/20/06,Masters,Outdoor,Clay,3rd Round,3,Coria G.,Kiefer N.,9,13,1690,1520,6,7,6,4,6,3,,,,,2,1,Completed,1.33,3.25,1.37,3,1.44,2.67,1.431,3.12,1.37,2.95
23,Monte Carlo,Monte Carlo Masters,4/20/06,Masters,Outdoor,Clay,3rd Round,3,Gonzalez F.,Soderling R.,21,62,1420,650,6,2,3,1,,,,,,,1,0,Retired,1.36,3,1.42,2.8,1.44,2.67,1.546,2.73,1.45,2.62
23,Monte Carlo,Monte Carlo Masters,4/21/06,Masters,Outdoor,Clay,Quarterfinals,3,Gaudio G.,Robredo T.,8,19,1865,1440,6,1,6,3,,,,,,,2,0,Completed,1.72,2,1.72,2.05,1.73,2.03,1.73,2.27,1.73,2.05
23,Monte Carlo,Monte Carlo Masters,4/21/06,Masters,Outdoor,Clay,Quarterfinals,3,Nadal R.,Coria G.,2,9,4135,1690,6,2,6,1,,,,,,,2,0,Completed,1.12,5.5,1.13,5.4,1.13,5.5,1.152,6.98,1.1,7
23,Monte Carlo,Monte Carlo Masters,4/21/06,Masters,Outdoor,Clay,Quarterfinals,3,Federer R.,Ferrer D.,1,15,6810,1485,6,1,6,3,,,,,,,2,0,Completed,1.1,6.5,1.16,6,1.11,5.84,1.16,6.64,1.15,5.25
23,Monte Carlo,Monte Carlo Masters,4/21/06,Masters,Outdoor,Clay,Quarterfinals,3,Gonzalez F.,Ljubicic I.,21,5,1420,2615,7,5,6,1,,,,,,,2,0,Completed,1.83,1.83,1.88,1.88,1.9,1.85,2,1.909,1.92,1.84
23,Monte Carlo,Monte Carlo Masters,4/22/06,Masters,Outdoor,Clay,Semifinals,3,Nadal R.,Gaudio G.,2,8,4135,1865,5,7,6,1,6,1,,,,,2,1,Completed,1.12,6,1.14,5.4,1.15,5.2,1.179,6.1,1.16,5
23,Monte Carlo,Monte Carlo Masters,4/22/06,Masters,Outdoor,Clay,Semifinals,3,Federer R.,Gonzalez F.,1,21,6810,1420,6,2,6,4,,,,,,,2,0,Completed,1.08,7.5,1.08,7.25,1.1,6.75,1.1,9,1.1,7
23,Monte Carlo,Monte Carlo Masters,4/23/06,Masters,Outdoor,Clay,The Final,5,Nadal R.,Federer R.,2,1,4135,6810,6,2,6,7,6,4,7,6,,,3,1,Completed,2.1,1.72,2,1.81,1.95,1.8,2.08,1.847,1.98,1.86
24,Barcelona,Open Seat Godo,4/24/06,International Gold,Outdoor,Clay,1st Round,3,Almagro N.,Pavel A.,57,83,669,470,6,4,6,2,,,,,,,2,0,Completed,,,1.28,3.55,1.25,3.75,1.308,3.95,1.29,3.4
24,Barcelona,Open Seat Godo,4/24/06,International Gold,Outdoor,Clay,1st Round,3,Cuadrado C.,Tursunov D.,225,33,170,920,4,6,6,0,6,3,,,,,2,1,Completed,,,2.3,1.6,2.17,1.64,2.42,1.658,2.32,1.57
24,Barcelona,Open Seat Godo,4/24/06,International Gold,Outdoor,Clay,1st Round,3,Gabashvili T.,Andreev I.,126,27,335,1225,4,6,7,6,7,6,,,,,2,1,Completed,4.5,1.16,4.1,1.22,4.45,1.18,4.52,1.255,3.65,1.26
24,Barcelona,Open Seat Godo,4/24/06,International Gold,Outdoor,Clay,1st Round,3,Blanco G.,Zib T.,347,108,92,388,6,7,7,6,6,2,,,,,2,1,Completed,3.5,1.25,3.55,1.28,4.25,1.2,3.9,1.313,4.1,1.21
24,Barcelona,Open Seat Godo,4/24/06,International Gold,Outdoor,Clay,1st Round,3,Monfils G.,Galvani S.,31,183,969,214,6,2,7,5,,,,,,,2,0,Completed,,,1.25,3.85,1.17,4.67,1.269,4.32,1.17,4.6
24,Barcelona,Open Seat Godo,4/24/06,International Gold,Outdoor,Clay,1st Round,3,Wawrinka S.,Lapentti N.,67,127,598,332,6,2,6,7,6,3,,,,,2,1,Completed,1.28,3.25,1.28,3.55,1.35,3.1,1.325,3.78,1.3,3.35
24,Barcelona,Open Seat Godo,4/24/06,International Gold,Outdoor,Clay,1st Round,3,Murray A.,Granollers-Pujol M.,43,291,807,113,4,6,6,4,6,2,,,,,2,1,Completed,1.25,3.5,1.3,3.4,1.26,3.59,1.286,4.2,1.29,3.4
24,Barcelona,Open Seat Godo,4/24/06,International Gold,Outdoor,Clay,1st Round,3,Costa A.,Spadea V.,249,74,143,535,7,6,4,6,6,1,,,,,2,1,Completed,2.5,1.5,1.83,1.93,,,2.52,1.617,2.44,1.52
24,Barcelona,Open Seat Godo,4/24/06,International Gold,Outdoor,Clay,1st Round,3,Kohlschreiber P.,Sluiter R.,86,95,456,423,7,6,7,6,,,,,,,2,0,Completed,1.83,1.83,1.83,1.93,1.85,1.9,1.833,2.1,1.75,2
24,Barcelona,Open Seat Godo,4/24/06,International Gold,Outdoor,Clay,1st Round,3,Lopez F.,Klec I.,38,233,850,158,4,6,6,4,6,4,,,,,2,1,Completed,1.28,3.25,,,1.17,4.67,1.28,4.27,1.2,4.25
24,Barcelona,Open Seat Godo,4/24/06,International Gold,Outdoor,Clay,1st Round,3,Mathieu P.H.,Marin J.A.,36,100,868,407,7,6,6,2,,,,,,,2,0,Completed,1.25,3.5,1.22,4.1,1.2,4.25,1.234,4.88,1.2,4.25
24,Barcelona,Open Seat Godo,4/24/06,International Gold,Outdoor,Clay,1st Round,3,Ferrero J.C.,Vliegen K.,28,50,1160,749,6,1,6,2,,,,,,,2,0,Completed,1.22,3.75,1.28,3.55,1.28,3.46,1.34,3.74,1.3,3.35
24,Barcelona,Open Seat Godo,4/24/06,International Gold,Outdoor,Clay,1st Round,3,Gimeno-Traver D.,Djokovic N.,178,66,225,614,6,4,3,6,6,3,,,,,2,1,Completed,3.25,1.28,3.2,1.33,3.1,1.35,3.42,1.382,3.55,1.27
24,Barcelona,Open Seat Godo,4/24/06,International Gold,Outdoor,Clay,1st Round,3,Korolev E.,Moya C.,159,35,254,900,7,5,6,4,,,,,,,2,0,Completed,5,1.14,4.65,1.18,5.2,1.15,5.32,1.212,4.5,1.18
24,Barcelona,Open Seat Godo,4/24/06,International Gold,Outdoor,Clay,1st Round,3,Navarro-Pastor I.,Srichaphan P.,164,39,244,845,6,3,6,4,,,,,,,2,0,Completed,,,1.77,2,,,1.769,2.2,1.8,1.95
24,Barcelona,Open Seat Godo,4/25/06,International Gold,Outdoor,Clay,1st Round,3,Berdych T.,Montanes A.,24,91,1350,433,4,6,7,5,7,5,,,,,2,1,Completed,1.28,3.25,1.33,3.2,1.28,3.46,1.375,3.47,1.31,3.25
24,Barcelona,Open Seat Godo,4/25/06,International Gold,Outdoor,Clay,1st Round,3,Volandri F.,Stoppini A.,44,255,806,139,6,3,6,1,,,,,,,2,0,Completed,1.14,5,1.18,4.65,1.15,5.2,1.182,5.99,1.15,5
24,Barcelona,Open Seat Godo,4/25/06,International Gold,Outdoor,Clay,1st Round,3,Starace P.,Dlouhy L.,77,80,517,500,6,4,6,2,,,,,,,2,0,Completed,1.28,3.25,1.3,3.4,1.3,3.35,1.299,4.04,1.29,3.4
24,Barcelona,Open Seat Godo,4/25/06,International Gold,Outdoor,Clay,1st Round,3,Calleri A.,Gimelstob J.,61,99,652,407,6,2,6,1,,,,,,,2,0,Completed,1.1,6,1.1,6.5,1.07,7.19,1.111,8.75,1.1,6.4
24,Barcelona,Open Seat Godo,4/25/06,International Gold,Outdoor,Clay,1st Round,3,Martin A.,Salva B.,63,339,632,94,6,4,6,2,,,,,,,2,0,Completed,1.12,5.5,,,,,1.15,7.08,1.12,5.7
24,Barcelona,Open Seat Godo,4/25/06,International Gold,Outdoor,Clay,1st Round,3,Portas A.,Hernandez O.,112,116,383,372,6,2,6,4,,,,,,,2,0,Completed,2,1.72,2.05,1.75,1.9,1.85,2.14,1.806,1.95,1.8
24,Barcelona,Open Seat Godo,4/25/06,International Gold,Outdoor,Clay,1st Round,3,Verdasco F.,Vik R.,32,78,965,509,6,3,6,4,,,,,,,2,0,Completed,1.22,3.75,1.25,3.85,1.21,4.06,1.25,4.6,1.24,3.8
24,Barcelona,Open Seat Godo,4/25/06,International Gold,Outdoor,Clay,1st Round,3,Karlovic I.,Mirnyi M.,56,59,686,665,6,3,6,4,,,,,,,2,0,Completed,2.2,1.61,2.2,1.65,2.15,1.65,2.41,1.662,2.12,1.67
24,Barcelona,Open Seat Godo,4/25/06,International Gold,Outdoor,Clay,1st Round,3,Vicente F.,Calatrava A.,87,184,456,213,7,6,6,4,,,,,,,2,0,Completed,1.44,2.62,1.48,2.6,1.5,2.45,1.559,2.69,1.5,2.5
24,Barcelona,Open Seat Godo,4/25/06,International Gold,Outdoor,Clay,2nd Round,3,Almagro N.,Monfils G.,57,31,669,969,6,2,6,4,,,,,,,2,0,Completed,1.44,2.62,1.45,2.7,1.45,2.6,1.485,2.86,1.46,2.62
24,Barcelona,Open Seat Godo,4/25/06,International Gold,Outdoor,Clay,2nd Round,3,Wawrinka S.,Gabashvili T.,67,126,598,335,6,4,6,7,6,4,,,,,2,1,Completed,1.36,3,1.45,2.7,1.45,2.6,1.45,3.02,1.44,2.66
24,Barcelona,Open Seat Godo,4/25/06,International Gold,Outdoor,Clay,2nd Round,3,Ferrer D.,Murray A.,12,43,1585,807,4,6,7,6,6,1,,,,,2,1,Completed,1.19,4.33,1.16,5,1.15,5.2,1.22,5.15,1.13,5.5
24,Barcelona,Open Seat Godo,4/25/06,International Gold,Outdoor,Clay,2nd Round,3,Coria G.,Blanco G.,9,347,1790,92,6,7,6,0,6,2,,,,,2,1,Completed,1.08,7,1.07,8,1.1,6.75,1.125,8.2,1.07,8
24,Barcelona,Open Seat Godo,4/26/06,International Gold,Outdoor,Clay,2nd Round,3,Portas A.,Berdych T.,112,24,383,1350,7,6,6,3,,,,,,,2,0,Completed,3.75,1.25,3.4,1.3,3.59,1.26,4.11,1.293,4,1.22
24,Barcelona,Open Seat Godo,4/26/06,International Gold,Outdoor,Clay,2nd Round,3,Nieminen J.,Kohlschreiber P.,20,86,1425,456,6,1,6,2,,,,,,,2,0,Completed,1.3,3.39,1.3,3.4,1.32,3.22,1.328,3.75,1.32,3.25
24,Barcelona,Open Seat Godo,4/26/06,International Gold,Outdoor,Clay,2nd Round,3,Ferrero J.C.,Martin A.,28,63,1160,632,6,4,7,6,,,,,,,2,0,Completed,1.12,5.5,1.16,5,1.17,4.67,1.203,5.43,1.12,5.7
24,Barcelona,Open Seat Godo,4/26/06,International Gold,Outdoor,Clay,2nd Round,3,Korolev E.,Vicente F.,159,87,254,456,6,3,6,0,,,,,,,2,0,Completed,1.8,1.9,1.7,2.1,1.67,2.12,1.752,2.23,1.6,2.25
24,Barcelona,Open Seat Godo,4/26/06,International Gold,Outdoor,Clay,2nd Round,3,Karlovic I.,Davydenko N.,56,6,686,2360,6,7,7,5,6,4,,,,,2,1,Completed,4.33,1.19,3.85,1.25,3.46,1.28,3.84,1.318,3.4,1.29
24,Barcelona,Open Seat Godo,4/26/06,International Gold,Outdoor,Clay,2nd Round,3,Robredo T.,Starace P.,15,77,1525,517,6,4,6,0,,,,,,,2,0,Completed,1.3,3.39,1.3,3.4,1.3,3.35,1.273,4.36,1.24,3.85
24,Barcelona,Open Seat Godo,4/26/06,International Gold,Outdoor,Clay,2nd Round,3,Mathieu P.H.,Cuadrado C.,36,225,868,170,7,6,6,4,,,,,,,2,0,Completed,1.28,3.5,1.28,3.55,1.3,3.35,1.353,3.63,1.28,3.5
24,Barcelona,Open Seat Godo,4/26/06,International Gold,Outdoor,Clay,2nd Round,3,Costa A.,Hrbaty D.,249,21,143,1380,6,3,7,5,,,,,,,2,0,Completed,3,1.36,2.85,1.4,3.1,1.35,2.94,1.467,2.95,1.37
24,Barcelona,Open Seat Godo,4/26/06,International Gold,Outdoor,Clay,2nd Round,3,Navarro-Pastor I.,Gimeno-Traver D.,164,178,244,225,7,6,7,5,,,,,,,2,0,Completed,2,1.72,1.93,1.83,1.9,1.85,2,1.909,1.87,1.87
24,Barcelona,Open Seat Godo,4/26/06,International Gold,Outdoor,Clay,2nd Round,3,Stepanek R.,Volandri F.,16,44,1470,806,3,6,7,6,6,4,,,,,2,1,Completed,2.25,1.57,2.35,1.57,2.4,1.53,2.52,1.617,2.42,1.53
24,Barcelona,Open Seat Godo,4/26/06,International Gold,Outdoor,Clay,2nd Round,3,Nadal R.,Lopez F.,2,38,4335,850,6,4,6,2,,,,,,,2,0,Completed,1.04,9,1.04,10,1.04,9.35,1.05,16,1.04,10
24,Barcelona,Open Seat Godo,4/26/06,International Gold,Outdoor,Clay,2nd Round,3,Verdasco F.,Calleri A.,32,61,965,652,7,5,6,4,,,,,,,2,0,Completed,2,1.72,2,1.77,2.1,1.7,2.24,1.746,2.02,1.74
24,Barcelona,Open Seat Godo,4/27/06,International Gold,Outdoor,Clay,3rd Round,3,Almagro N.,Coria G.,57,9,669,1790,6,2,6,0,,,,,,,2,0,Completed,1.83,1.83,1.83,1.93,1.8,1.95,1.917,1.99,1.85,1.9
24,Barcelona,Open Seat Godo,4/27/06,International Gold,Outdoor,Clay,3rd Round,3,Karlovic I.,Korolev E.,56,159,686,254,6,7,7,6,7,6,,,,,2,1,Completed,1.8,1.9,1.93,1.83,1.83,1.91,2.09,1.84,1.95,1.8
24,Barcelona,Open Seat Godo,4/27/06,International Gold,Outdoor,Clay,3rd Round,3,Wawrinka S.,Ferrer D.,67,12,598,1585,2,6,6,2,6,1,,,,,2,1,Completed,3.5,1.28,3.2,1.33,3.22,1.32,3.45,1.377,3.3,1.31
24,Barcelona,Open Seat Godo,4/27/06,International Gold,Outdoor,Clay,3rd Round,3,Ferrero J.C.,Costa A.,28,249,1160,143,6,1,5,7,7,5,,,,,2,1,Completed,1.16,4.5,1.18,4.65,1.2,4.25,1.225,5.04,1.18,4.55
24,Barcelona,Open Seat Godo,4/27/06,International Gold,Outdoor,Clay,3rd Round,3,Stepanek R.,Mathieu P.H.,16,36,1470,868,1,6,6,3,6,2,,,,,2,1,Completed,1.83,1.83,2,1.77,2.12,1.67,2.08,1.847,1.98,1.78
24,Barcelona,Open Seat Godo,4/27/06,International Gold,Outdoor,Clay,3rd Round,3,Nieminen J.,Portas A.,20,112,1425,383,6,3,6,2,,,,,,,2,0,Completed,1.28,3.5,1.3,3.4,1.33,3.17,1.304,3.99,1.26,3.65
24,Barcelona,Open Seat Godo,4/27/06,International Gold,Outdoor,Clay,3rd Round,3,Nadal R.,Navarro-Pastor I.,2,164,4335,244,6,4,6,2,,,,,,,2,0,Completed,1.01,12,1.01,14,1.02,11.68,1.014,50.84,1.02,25
24,Barcelona,Open Seat Godo,4/28/06,International Gold,Outdoor,Clay,3rd Round,3,Robredo T.,Verdasco F.,15,32,1525,965,6,3,2,6,6,2,,,,,2,1,Completed,1.5,2.5,1.55,2.4,1.65,2.2,1.5,2.8,1.57,2.35
24,Barcelona,Open Seat Godo,4/28/06,International Gold,Outdoor,Clay,Quarterfinals,3,Wawrinka S.,Karlovic I.,67,56,598,686,4,6,6,3,6,4,,,,,2,1,Completed,1.5,2.5,1.53,2.45,1.65,2.15,1.629,2.49,1.67,2.15
24,Barcelona,Open Seat Godo,4/28/06,International Gold,Outdoor,Clay,Quarterfinals,3,Robredo T.,Stepanek R.,15,16,1525,1470,6,3,6,2,,,,,,,2,0,Completed,,,,,,,,,,
24,Barcelona,Open Seat Godo,4/28/06,International Gold,Outdoor,Clay,Quarterfinals,3,Nadal R.,Nieminen J.,2,20,4335,1425,4,6,6,4,6,3,,,,,2,1,Completed,1.02,11,1.02,12,1.03,10.5,1.033,23.5,1.04,12
24,Barcelona,Open Seat Godo,4/28/06,International Gold,Outdoor,Clay,Quarterfinals,3,Almagro N.,Ferrero J.C.,57,28,669,1160,6,3,6,3,,,,,,,2,0,Completed,1.72,2,1.77,2,1.75,2.05,1.781,2.18,1.8,1.95
24,Barcelona,Open Seat Godo,4/29/06,International Gold,Outdoor,Clay,Semifinals,3,Robredo T.,Wawrinka S.,15,67,1525,598,6,4,6,4,,,,,,,2,0,Completed,1.39,2.75,1.42,2.8,1.4,2.85,1.452,3.01,1.42,2.75
24,Barcelona,Open Seat Godo,4/29/06,International Gold,Outdoor,Clay,Semifinals,3,Nadal R.,Almagro N.,2,57,4335,669,7,6,6,3,,,,,,,2,0,Completed,1.12,5.5,1.14,5.4,1.17,4.67,1.194,5.65,1.15,5
24,Barcelona,Open Seat Godo,4/30/06,International Gold,Outdoor,Clay,The Final,5,Nadal R.,Robredo T.,2,15,4335,1525,6,4,6,4,6,0,,,,,3,0,Completed,1.07,7.5,1.08,7.25,1.13,5.5,1.123,8.3,1.09,6.8
25,Casablanca,Grand Prix Hassan II,4/24/06,International Series,Outdoor,Clay,1st Round,3,Mahut N.,Berlocq C.,82,81,474,480,6,4,6,1,,,,,,,2,0,Completed,1.66,2.1,,,1.61,2.23,1.714,2.3,1.64,2.18
25,Casablanca,Grand Prix Hassan II,4/24/06,International Series,Outdoor,Clay,1st Round,3,Saoudi S.,Skoch D.,272,N/A,126,N/A,6,3,6,2,,,,,,,2,0,Completed,,,,,,,,,,
25,Casablanca,Grand Prix Hassan II,4/24/06,International Series,Outdoor,Clay,1st Round,3,Phau B.,Seppi A.,73,53,537,721,7,6,6,1,,,,,,,2,0,Completed,4,1.19,4.4,1.2,3.75,1.25,4.11,1.293,3.8,1.24
25,Casablanca,Grand Prix Hassan II,4/24/06,International Series,Outdoor,Clay,1st Round,3,di Mauro A.,El Aarej M.,84,589,468,34,6,2,6,4,,,,,,,2,0,Completed,1.12,5.5,,,,,1.222,5.1,,
25,Casablanca,Grand Prix Hassan II,4/24/06,International Series,Outdoor,Clay,1st Round,3,Vanek J.,Ramirez-Hidalgo R.,101,93,407,427,5,7,6,1,6,4,,,,,2,1,Completed,1.83,1.83,1.93,1.83,1.91,1.83,2.02,1.893,2.02,1.74
25,Casablanca,Grand Prix Hassan II,4/24/06,International Series,Outdoor,Clay,1st Round,3,Clement A.,Monaco J.,55,96,691,421,6,4,6,1,,,,,,,2,0,Completed,2,1.72,1.88,1.88,1.8,1.95,2.13,1.813,1.84,1.9
25,Casablanca,Grand Prix Hassan II,4/24/06,International Series,Outdoor,Clay,1st Round,3,Melzer J.,Garcia-Lopez G.,69,89,575,444,6,3,1,6,6,3,,,,,2,1,Completed,1.72,2,1.83,1.93,1.8,1.95,1.909,2,1.76,2
25,Casablanca,Grand Prix Hassan II,4/25/06,International Series,Outdoor,Clay,1st Round,3,Mayer F.,Ouahab L.,75,305,528,108,6,1,7,6,,,,,,,2,0,Completed,1.1,6,,,,,1.183,5.97,1.12,5.7
25,Casablanca,Grand Prix Hassan II,4/25/06,International Series,Outdoor,Clay,1st Round,3,Simon G.,Hernych J.,62,79,636,500,6,1,4,6,6,4,,,,,2,1,Completed,1.36,2.87,1.37,3,1.35,3.1,1.483,2.87,1.37,2.95
25,Casablanca,Grand Prix Hassan II,4/25/06,International Series,Outdoor,Clay,1st Round,3,Gicquel M.,Tipsarevic J.,119,104,359,398,6,4,6,1,,,,,,,2,0,Completed,1.66,2.1,1.75,2.05,1.75,2,1.893,2.02,1.88,1.86
25,Casablanca,Grand Prix Hassan II,4/25/06,International Series,Outdoor,Clay,1st Round,3,Rochus C.,Behrend T.,42,125,810,337,6,3,6,4,,,,,,,2,0,Completed,1.57,2.25,1.65,2.2,1.6,2.3,1.69,2.35,1.65,2.15
25,Casablanca,Grand Prix Hassan II,4/25/06,International Series,Outdoor,Clay,1st Round,3,Horna L.,Peric T.,47,1255,787,3,7,5,6,2,,,,,,,2,0,Completed,1.16,4.5,1.22,4.1,,,1.266,4.46,,
25,Casablanca,Grand Prix Hassan II,4/25/06,International Series,Outdoor,Clay,1st Round,3,Bracciali D.,Patience O.,68,124,589,340,6,3,6,4,,,,,,,2,0,Completed,2.1,1.66,2.2,1.65,2.45,1.5,2.34,1.694,2.1,1.68
25,Casablanca,Grand Prix Hassan II,4/25/06,International Series,Outdoor,Clay,1st Round,3,Tahiri M.,Marach O.,566,115,37,380,3,6,6,3,7,6,,,,,2,1,Completed,3.25,1.28,,,,,3.7,1.333,,
25,Casablanca,Grand Prix Hassan II,4/25/06,International Series,Outdoor,Clay,1st Round,3,Massu N.,Berrer M.,37,123,865,351,7,6,6,0,,,,,,,2,0,Completed,1.1,6,1.11,6.25,1.07,7.19,1.314,7.46,1.1,6.3
25,Casablanca,Grand Prix Hassan II,4/26/06,International Series,Outdoor,Clay,1st Round,3,Waske A.,Muller G.,94,70,425,563,6,4,7,5,,,,,,,2,0,Completed,2,1.72,2.3,1.6,2.15,1.65,2.13,1.813,2.08,1.7
25,Casablanca,Grand Prix Hassan II,4/26/06,International Series,Outdoor,Clay,2nd Round,3,Phau B.,Saoudi S.,73,272,537,126,6,4,6,4,,,,,,,2,0,Completed,1.36,3,,,1.37,2.92,1.455,3,1.33,3.15
25,Casablanca,Grand Prix Hassan II,4/26/06,International Series,Outdoor,Clay,2nd Round,3,Vanek J.,Melzer J.,101,69,407,575,7,5,6,2,,,,,,,2,0,Completed,2.62,1.44,2.7,1.45,2.45,1.5,2.61,1.585,2.66,1.44
25,Casablanca,Grand Prix Hassan II,4/26/06,International Series,Outdoor,Clay,2nd Round,3,Mahut N.,Clement A.,82,55,474,691,6,3,7,6,,,,,,,2,0,Completed,3,1.36,2.8,1.42,3.06,1.34,3.26,1.407,2.85,1.4
25,Casablanca,Grand Prix Hassan II,4/26/06,International Series,Outdoor,Clay,2nd Round,3,Massu N.,di Mauro A.,37,84,865,468,6,7,6,3,6,1,,,,,2,1,Completed,1.3,3.39,1.33,3.2,1.3,3.35,1.431,3.12,1.33,3.15
25,Casablanca,Grand Prix Hassan II,4/27/06,International Series,Outdoor,Clay,2nd Round,3,Horna L.,Gicquel M.,47,119,787,359,6,1,5,7,6,3,,,,,2,1,Completed,1.44,2.62,1.53,2.45,1.5,2.45,1.629,2.49,1.48,2.52
25,Casablanca,Grand Prix Hassan II,4/27/06,International Series,Outdoor,Clay,2nd Round,3,Rochus C.,Mayer F.,42,75,810,528,6,2,6,1,,,,,,,2,0,Completed,2.1,1.66,2.1,1.7,2.03,1.73,2.12,1.82,2.08,1.7
25,Casablanca,Grand Prix Hassan II,4/27/06,International Series,Outdoor,Clay,2nd Round,3,Bracciali D.,Waske A.,68,94,589,425,6,3,7,5,,,,,,,2,0,Completed,1.72,2,1.7,2.1,1.65,2.15,1.775,2.19,1.68,2.1
25,Casablanca,Grand Prix Hassan II,4/27/06,International Series,Outdoor,Clay,2nd Round,3,Simon G.,Tahiri M.,62,566,636,37,6,3,6,4,,,,,,,2,0,Completed,1.12,5.5,,,1.13,5.5,1.151,7.03,1.14,5.4
25,Casablanca,Grand Prix Hassan II,4/28/06,International Series,Outdoor,Clay,Quarterfinals,3,Phau B.,Vanek J.,73,101,537,407,7,5,6,3,,,,,,,2,0,Completed,2.37,1.53,2.3,1.6,2.15,1.65,2.42,1.658,2.32,1.57
25,Casablanca,Grand Prix Hassan II,4/28/06,International Series,Outdoor,Clay,Quarterfinals,3,Bracciali D.,Horna L.,68,47,589,787,6,7,6,4,7,6,,,,,2,1,Completed,2.62,1.44,2.6,1.48,2.6,1.45,2.87,1.483,2.66,1.44
25,Casablanca,Grand Prix Hassan II,4/28/06,International Series,Outdoor,Clay,Quarterfinals,3,Simon G.,Rochus C.,62,42,636,810,6,3,3,6,6,4,,,,,2,1,Completed,1.66,2.1,1.65,2.2,1.75,2.05,1.746,2.24,1.63,2.2
25,Casablanca,Grand Prix Hassan II,4/28/06,International Series,Outdoor,Clay,Quarterfinals,3,Massu N.,Mahut N.,37,82,865,474,6,3,7,6,,,,,,,2,0,Completed,1.25,3.75,1.25,3.85,1.26,3.59,1.293,4.11,1.31,3.3
25,Casablanca,Grand Prix Hassan II,4/29/06,International Series,Outdoor,Clay,Semifinals,3,Bracciali D.,Simon G.,68,62,589,636,6,0,3,1,,,,,,,1,0,Retired,2.5,1.5,2.45,1.53,2.45,1.5,2.74,1.543,2.65,1.45
25,Casablanca,Grand Prix Hassan II,4/29/06,International Series,Outdoor,Clay,Semifinals,3,Massu N.,Phau B.,37,73,865,537,6,2,6,4,,,,,,,2,0,Completed,1.25,3.75,1.22,4.1,1.28,3.46,1.246,4.66,1.26,3.7
25,Casablanca,Grand Prix Hassan II,4/30/06,International Series,Outdoor,Clay,The Final,3,Bracciali D.,Massu N.,68,37,589,865,6,1,6,4,,,,,,,2,0,Completed,4,1.22,4.1,1.22,3.9,1.25,4.11,1.293,3.7,1.26
26,Estoril ,Estoril Open,5/1/06,International Series,Outdoor,Clay,1st Round,3,Muller G.,Rochus C.,71,38,563,835,6,2,6,0, , ,,,,,2,0,Completed,2.62,1.44,2.45,1.53,2.4,1.55,2.65,1.571,2.62,1.46
26,Estoril ,Estoril Open,5/1/06,International Series,Outdoor,Clay,1st Round,3,Gimelstob J.,Dlouhy L.,97,81,407,500,3,6,7,5,6,3,,,,,2,1,Completed,3,1.33,3,1.37,3.12,1.34,2.98,1.459,,
26,Estoril ,Estoril Open,5/1/06,International Series,Outdoor,Clay,1st Round,3,Davydenko N.,Spadea V.,6,74,2360,535,7,6,6,3, , ,,,,,2,0,Completed,1.25,3.5,1.3,3.4,1.3,3.35,1.357,3.6,1.29,3.4
26,Estoril ,Estoril Open,5/2/06,International Series,Outdoor,Clay,1st Round,3,Monfils G.,Sabau R.,35,99,894,404,6,1,6,2, , ,,,,,2,0,Completed,1.25,3.5,1.25,3.85,1.25,3.75,1.276,4.32,1.28,3.5
26,Estoril ,Estoril Open,5/2/06,International Series,Outdoor,Clay,1st Round,3,Lapentti N.,Przysiezny M.,126,319,332,101,6,7,6,4,6,4,,,,,2,1,Completed,1.39,2.75,1.37,3,1.34,3.12,1.433,3.11,,
26,Estoril ,Estoril Open,5/2/06,International Series,Outdoor,Clay,1st Round,3,Chardy J.,Wang Y.T.,522,87,45,450,7,5,6,1, , ,,,,,2,0,Completed,,,,,,,1.862,2.06,,
26,Estoril ,Estoril Open,5/2/06,International Series,Outdoor,Clay,1st Round,3,Gil F.,Luque D.,246,596,151,33,1,6,7,6,6,4,,,,,2,1,Completed,,,,,,,1.578,2.63,,
26,Estoril ,Estoril Open,5/2/06,International Series,Outdoor,Clay,1st Round,3,Portas A.,Marin J.A.,100,118,399,362,6,3,6,4, , ,,,,,2,0,Completed,1.44,2.62,1.4,2.85,1.44,2.67,1.476,2.9,1.47,2.56
26,Estoril ,Estoril Open,5/2/06,International Series,Outdoor,Clay,1st Round,3,Moya C.,Saretta F.,39,89,835,432,6,3,6,4, , ,,,,,2,0,Completed,1.16,4.5,1.16,5,1.2,4.25,1.211,5.33,1.2,4.3
26,Estoril ,Estoril Open,5/2/06,International Series,Outdoor,Clay,1st Round,3,Berlocq C.,Perez D.,82,578,480,36,6,0,6,1, , ,,,,,2,0,Completed,,,,,1.55,2.35,1.49,2.84,,
26,Estoril ,Estoril Open,5/2/06,International Series,Outdoor,Clay,1st Round,3,Tursunov D.,Elias G.,33,N/A,920,N/A,6,2,6,1, , ,,,,,2,0,Completed,,,,,,,1.149,7.1,,
26,Estoril ,Estoril Open,5/2/06,International Series,Outdoor,Clay,1st Round,3,Garcia-Lopez G.,Azzaro L.,117,333,362,97,6,4,4,6,6,4,,,,,2,1,Completed,1.3,3.35,1.37,3,1.3,3.35,1.389,3.37,,
26,Estoril ,Estoril Open,5/2/06,International Series,Outdoor,Clay,1st Round,3,Safin M.,Fognini F.,49,313,760,104,6,1,6,4, , ,,,,,2,0,Completed,1.08,7,1.1,6.5,1.1,6.75,1.15,7.05,1.1,6.7
26,Estoril ,Estoril Open,5/2/06,International Series,Outdoor,Clay,1st Round,3,Nalbandian D.,Mahut N.,4,78,2650,509,7,5,7,5, , ,,,,,2,0,Completed,1.1,6,1.12,6,1.13,5.5,1.13,8,1.16,4.8
26,Estoril ,Estoril Open,5/2/06,International Series,Outdoor,Clay,1st Round,3,Massu N.,Sluiter R.,32,108,945,388,6,0,7,5, , ,,,,,2,0,Completed,1.28,3.25,1.28,3.55,1.3,3.35,1.333,3.7,1.33,3.15
26,Estoril ,Estoril Open,5/2/06,International Series,Outdoor,Clay,1st Round,3,Marcaccio G.,Zib T.,406,107,74,388,6,4,6,2, , ,,,,,2,0,Completed,,,,,2.45,1.5,2.65,1.571,2.42,1.52
26,Estoril ,Estoril Open,5/3/06,International Series,Outdoor,Clay,2nd Round,3,Gimelstob J.,Massu N.,97,32,407,945,2,6,7,6,6,4,,,,,2,1,Completed,5.5,1.12,5.65,1.13,5.84,1.11,7.3,1.143,5.5,1.14
26,Estoril ,Estoril Open,5/3/06,International Series,Outdoor,Clay,2nd Round,3,Portas A.,Monfils G.,100,35,399,894,3,6,7,6,6,4,,,,,2,1,Completed,2.62,1.44,2.85,1.4,2.92,1.37,3.04,1.446,2.8,1.4
26,Estoril ,Estoril Open,5/3/06,International Series,Outdoor,Clay,2nd Round,3,Davydenko N.,Safin M.,6,49,2360,760,4,6,6,1,6,2,,,,,2,1,Completed,2.37,1.53,2.25,1.62,2.2,1.63,2.38,1.676,2.32,1.58
26,Estoril ,Estoril Open,5/3/06,International Series,Outdoor,Clay,2nd Round,3,Muller G.,Lapentti N.,71,126,563,332,6,1,6,4, , ,,,,,2,0,Completed,1.61,2.2,1.65,2.2,1.5,2.45,1.667,2.4,1.6,2.25
26,Estoril ,Estoril Open,5/4/06,International Series,Outdoor,Clay,2nd Round,3,Garcia-Lopez G.,Berlocq C.,117,82,362,480,6,7,7,5,7,6,,,,,2,1,Completed,1.39,2.75,1.33,3.2,1.35,3.1,1.402,3.29,1.4,2.8
26,Estoril ,Estoril Open,5/4/06,International Series,Outdoor,Clay,2nd Round,3,Gil F.,Tursunov D.,246,33,151,920,4,6,6,4,6,1,,,,,2,1,Completed,1.14,5,1.2,4.4,1.15,5.2,1.232,4.91,,
26,Estoril ,Estoril Open,5/4/06,International Series,Outdoor,Clay,2nd Round,3,Moya C.,Marcaccio G.,39,406,835,74,6,1,7,5, , ,,,,,2,0,Completed,1.12,5.5,1.18,4.65,1.15,5.2,1.19,5.75,1.16,4.9
26,Estoril ,Estoril Open,5/4/06,International Series,Outdoor,Clay,2nd Round,3,Nalbandian D.,Chardy J.,4,522,2650,45,6,1,7,6, , ,,,,,2,0,Completed,1.03,10,1.05,9,,,1.05,16,1.04,10
26,Estoril ,Estoril Open,5/5/06,International Series,Outdoor,Clay,Quarterfinals,3,Portas A.,Gimelstob J.,100,97,399,407,6,4,6,3, , ,,,,,2,0,Completed,1.44,2.62,1.4,2.85,1.35,3.1,1.42,3.18,1.47,2.58
26,Estoril ,Estoril Open,5/5/06,International Series,Outdoor,Clay,Quarterfinals,3,Moya C.,Garcia-Lopez G.,39,117,835,362,7,6,6,4, , ,,,,,2,0,Completed,1.36,3,1.37,3,1.38,2.88,1.439,3.08,1.38,2.92
26,Estoril ,Estoril Open,5/5/06,International Series,Outdoor,Clay,Quarterfinals,3,Nalbandian D.,Gil F.,4,246,2650,151,6,1,6,2, , ,,,,,2,0,Completed,1.06,8,1.04,10,1.04,9.35,1.057,14.5,1.06,8.5
26,Estoril ,Estoril Open,5/5/06,International Series,Outdoor,Clay,Quarterfinals,3,Davydenko N.,Muller G.,6,71,2360,563,6,4,6,4, , ,,,,,2,0,Completed,1.25,3.75,1.33,3.2,1.35,3.1,1.333,3.7,1.32,3.2
26,Estoril ,Estoril Open,5/6/06,International Series,Outdoor,Clay,Semifinals,3,Nalbandian D.,Portas A.,4,100,2650,399,7,5,6,1, , ,,,,,2,0,Completed,1.1,6.5,1.11,6.25,1.13,5.5,1.111,8.75,1.14,5.5
26,Estoril ,Estoril Open,5/6/06,International Series,Outdoor,Clay,Semifinals,3,Davydenko N.,Moya C.,6,39,2360,835,2,6,6,2,6,2,,,,,2,1,Completed,1.66,2.1,1.77,2,1.7,2.1,1.741,2.25,1.76,2
26,Estoril ,Estoril Open,5/7/06,International Series,Outdoor,Clay,The Final,3,Nalbandian D.,Davydenko N.,4,6,2650,2360,6,3,6,4,,,,,,,2,0,Completed,1.61,2.2,1.57,2.35,1.65,2.15,1.629,2.49,1.62,2.22
27,Munich,BMW Open,5/1/06,International,Outdoor,Clay,1st Round,3,Hernych J.,Beck A.,80,176,500,224,7,6,4,6,6,4,,,,,2,1,Completed,1.44,2.62,1.48,2.6,1.55,2.35,1.588,2.6,1.44,2.66
27,Munich,BMW Open,5/1/06,International,Outdoor,Clay,1st Round,3,Monaco J.,Srichaphan P.,110,36,386,845,6,4,6,4, , ,,,,,2,0,Completed,1.33,3,1.4,2.85,1.45,2.6,1.444,3.05,1.47,2.58
27,Munich,BMW Open,5/1/06,International,Outdoor,Clay,1st Round,3,Vliegen K.,Tipsarevic J.,50,101,753,398,5,7,6,2,6,4,,,,,2,1,Completed,1.36,2.87,1.4,2.85,1.37,2.92,1.435,3.1,1.36,3
27,Munich,BMW Open,5/1/06,International,Outdoor,Clay,1st Round,3,Vik R.,Schuettler R.,79,76,505,523,7,6,4,6,6,3,,,,,2,1,Completed,2.25,1.57,2.4,1.55,2.3,1.6,2.38,1.676,2.35,1.55
27,Munich,BMW Open,5/2/06,International,Outdoor,Clay,1st Round,3,Ramirez-Hidalgo R.,Summerer T.,93,239,423,154,6,1,6,2, , ,,,,,2,0,Completed,1.39,2.75,1.48,2.6,1.45,2.6,1.538,2.76,,
27,Munich,BMW Open,5/2/06,International,Outdoor,Clay,1st Round,3,Kohlschreiber P.,Ancic M.,86,19,459,1440,7,6,7,6, , ,,,,,2,0,Completed,2.62,1.44,2.4,1.55,2.45,1.5,2.64,1.575,2.5,1.5
27,Munich,BMW Open,5/2/06,International,Outdoor,Clay,1st Round,3,Nieminen J.,Pavel A.,20,116,1420,365,7,6,7,6, , ,,,,,2,0,Completed,1.25,3.5,1.28,3.55,1.2,4.25,1.284,4.22,1.25,3.75
27,Munich,BMW Open,5/2/06,International,Outdoor,Clay,1st Round,3,Karlovic I.,Haas T.,53,25,736,1250,6,3,7,6, , ,,,,,2,0,Completed,3.25,1.28,3.1,1.35,3.1,1.35,3.5,1.37,3.15,1.33
27,Munich,BMW Open,5/2/06,International,Outdoor,Clay,1st Round,3,Greul S.,Pashanski B.,102,63,397,662,6,3,6,7,7,6,,,,,2,1,Completed,1.83,1.83,1.88,1.88,1.87,1.87,1.855,2.07,1.82,1.93
27,Munich,BMW Open,5/2/06,International,Outdoor,Clay,1st Round,3,Phau B.,Behrend T.,69,139,607,302,3,2, , , , ,,,,,1,0,Retired,1.66,2.1,1.75,2.05,1.67,2.12,1.769,2.2,,
27,Munich,BMW Open,5/2/06,International,Outdoor,Clay,1st Round,3,Waske A.,Mayer F.,91,75,425,528,7,6,6,3, , ,,,,,2,0,Completed,2.25,1.57,2,1.77,2.15,1.65,2.26,1.735,2.15,1.65
27,Munich,BMW Open,5/2/06,International,Outdoor,Clay,1st Round,3,Melzer J.,Youzhny M.,70,40,575,830,6,3,6,4, , ,,,,,2,0,Completed,1.72,2,1.65,2.2,1.75,2.05,1.8,2.15,1.7,2.08
27,Munich,BMW Open,5/2/06,International,Outdoor,Clay,1st Round,3,Peya A.,Kindlmann D.,289,483,116,53,6,3,6,4, , ,,,,,2,0,Completed,1.66,2.1,,,,,1.725,2.28,,
27,Munich,BMW Open,5/2/06,International,Outdoor,Clay,1st Round,3,Gremelmayr D.,Coria G.,132,9,319,1800,3,6,6,2,6,3,,,,,2,1,Completed,4.5,1.16,4.65,1.18,4.67,1.17,5.04,1.225,,
27,Munich,BMW Open,5/2/06,International,Outdoor,Clay,1st Round,3,Soderling R.,Serra F.,57,48,720,782,6,7,7,5,6,4,,,,,2,1,Completed,2.1,1.66,2.05,1.75,1.95,1.8,2.14,1.806,2.25,1.6
27,Munich,BMW Open,5/2/06,International,Outdoor,Clay,1st Round,3,Rochus O.,Silva J.,30,203,980,188,6,2,6,0, , ,,,,,2,0,Completed,,,,,,,,,,
27,Munich,BMW Open,5/3/06,International,Outdoor,Clay,2nd Round,3,Vliegen K.,Soderling R.,50,57,753,720,5,7,6,3,6,2,,,,,2,1,Completed,2.2,1.61,2,1.77,2.25,1.6,2.19,1.775,2.08,1.7
27,Munich,BMW Open,5/3/06,International,Outdoor,Clay,2nd Round,3,Vik R.,Monaco J.,79,110,505,386,7,6,4,6,6,4,,,,,2,1,Completed,2.5,1.5,2.4,1.55,2.65,1.45,2.62,1.581,,
27,Munich,BMW Open,5/3/06,International,Outdoor,Clay,2nd Round,3,Nieminen J.,Waske A.,20,91,1420,425,7,6,6,3, , ,,,,,2,0,Completed,1.22,4,1.22,4.1,1.17,4.67,1.213,5.3,1.21,4.2
27,Munich,BMW Open,5/3/06,International,Outdoor,Clay,2nd Round,3,Kohlschreiber P.,Hernych J.,86,80,459,500,3,6,6,0,7,5,,,,,2,1,Completed,1.66,2.1,1.7,2.1,1.73,2.03,1.752,2.23,1.62,2.22
27,Munich,BMW Open,5/4/06,International,Outdoor,Clay,2nd Round,3,Melzer J.,Greul S.,70,102,575,397,6,3,1,6,6,4,,,,,2,1,Completed,1.5,2.5,1.5,2.55,1.53,2.4,1.617,2.52,1.55,2.35
27,Munich,BMW Open,5/4/06,International,Outdoor,Clay,2nd Round,3,Karlovic I.,Phau B.,53,69,736,607,4,6,6,3,7,6,,,,,2,1,Completed,1.39,2.75,1.37,3,1.32,3.22,1.407,3.26,1.36,3
27,Munich,BMW Open,5/4/06,International,Outdoor,Clay,2nd Round,3,Gremelmayr D.,Peya A.,132,289,319,116,6,4,6,4, , ,,,,,2,0,Completed,1.57,2.25,1.62,2.25,1.55,2.35,1.685,2.36,,
27,Munich,BMW Open,5/4/06,International,Outdoor,Clay,2nd Round,3,Rochus O.,Ramirez-Hidalgo R.,30,93,980,423,6,2,7,6, , ,,,,,2,0,Completed,1.39,2.75,1.42,2.8,1.4,2.85,1.413,3.22,,
27,Munich,BMW Open,5/5/06,International,Outdoor,Clay,Quarterfinals,3,Nieminen J.,Vik R.,20,79,1420,505,7,5,2,6,6,2,,,,,2,1,Completed,1.22,4,1.22,4.1,1.18,4.45,1.232,4.91,1.21,4.15
27,Munich,BMW Open,5/5/06,International,Outdoor,Clay,Quarterfinals,3,Vliegen K.,Kohlschreiber P.,50,86,753,459,7,5,6,4, , ,,,,,2,0,Completed,1.57,2.25,1.57,2.35,1.48,2.53,1.617,2.52,1.57,2.32
27,Munich,BMW Open,5/5/06,International,Outdoor,Clay,Quarterfinals,3,Rochus O.,Gremelmayr D.,30,132,980,319,6,4,7,5, , ,,,,,2,0,Completed,1.25,3.75,1.28,3.55,1.3,3.35,1.29,4.15,1.2,4.25
27,Munich,BMW Open,5/5/06,International,Outdoor,Clay,Quarterfinals,3,Melzer J.,Karlovic I.,70,53,575,736,7,6,6,1, , ,,,,,2,0,Completed,2,1.72,1.93,1.83,1.76,1.99,1.901,2.01,2,1.76
27,Munich,BMW Open,5/6/06,International,Outdoor,Clay,Semifinals,3,Vliegen K.,Nieminen J.,50,20,753,1420,6,1,6,2, , ,,,,,2,0,Completed,2.5,1.5,2.4,1.55,2.45,1.5,2.52,1.617,2.35,1.55
27,Munich,BMW Open,5/6/06,International,Outdoor,Clay,Semifinals,3,Rochus O.,Melzer J.,30,70,980,575,6,4,6,7,6,3,,,,,2,1,Completed,1.61,2.2,1.67,2.15,1.75,2.05,1.763,2.21,1.67,2.12
27,Munich,BMW Open,5/7/06,International,Outdoor,Clay,The Final,3,Rochus O.,Vliegen K.,30,50,980,753,6,4,6,2,,,,,,,2,0,Completed,1.9,1.8,1.88,1.88,1.9,1.85,2.05,1.87,1.9,1.85
28,Rome,Campionati Internazional d'Italia,5/8/06,Masters,Outdoor,Clay,1st Round,3,Hrbaty D.,Ljubicic I.,24,4,1270,2665,5,7,7,6,6,4,,,,,2,1,Completed,3.5,1.28,4,1.25,3.46,1.28,4.27,1.28,3.75,1.25
28,Rome,Campionati Internazional d'Italia,5/8/06,Masters,Outdoor,Clay,1st Round,3,Youzhny M.,Seppi A.,38,55,865,713,6,2,7,6,,,,,,,2,0,Completed,2.37,1.53,2.75,1.45,2.4,1.53,2.86,1.485,2.45,1.52
28,Rome,Campionati Internazional d'Italia,5/8/06,Masters,Outdoor,Clay,1st Round,3,Acasuso J.,Ferrer D.,34,19,910,1385,7,5,6,0,,,,,,,2,0,Completed,2.1,1.66,1.95,1.85,1.83,1.91,2.02,1.893,2,1.76
28,Rome,Campionati Internazional d'Italia,5/8/06,Masters,Outdoor,Clay,1st Round,3,Gonzalez F.,Wawrinka S.,9,58,1640,683,6,4,6,4,,,,,,,2,0,Completed,1.44,2.62,1.57,2.4,1.45,2.6,1.541,2.75,1.58,2.3
28,Rome,Campionati Internazional d'Italia,5/8/06,Masters,Outdoor,Clay,1st Round,3,Santoro F.,Monaco J.,53,124,722,351,4,6,6,2,6,3,,,,,2,1,Completed,2.37,1.53,2.25,1.65,2.3,1.6,2.21,1.763,2.12,1.67
28,Rome,Campionati Internazional d'Italia,5/8/06,Masters,Outdoor,Clay,1st Round,3,Ginepri R.,Mirnyi M.,17,61,1450,665,3,6,6,2,6,3,,,,,2,1,Completed,2.37,1.53,2.3,1.62,2.35,1.55,2.46,1.641,2.12,1.67
28,Rome,Campionati Internazional d'Italia,5/8/06,Masters,Outdoor,Clay,1st Round,3,Almagro N.,Massu N.,54,31,714,950,7,5,6,4,,,,,,,2,0,Completed,1.44,2.62,1.45,2.75,1.45,2.6,1.474,2.91,1.43,2.72
28,Rome,Campionati Internazional d'Italia,5/8/06,Masters,Outdoor,Clay,1st Round,3,Ancic M.,Horna L.,15,48,1455,752,6,4,6,4,,,,,,,2,0,Completed,2,1.72,2.05,1.77,1.99,1.76,2.22,1.758,2,1.76
28,Rome,Campionati Internazional d'Italia,5/8/06,Masters,Outdoor,Clay,1st Round,3,Serra F.,Blake J.,47,7,782,1910,6,4,7,6,,,,,,,2,0,Completed,1.66,2.1,1.81,2,1.67,2.12,1.893,2.02,1.7,2.08
28,Rome,Campionati Internazional d'Italia,5/8/06,Masters,Outdoor,Clay,1st Round,3,Federer R.,Chela J.I.,1,30,7160,975,6,2,6,1,,,,,,,2,0,Completed,1.03,10,1.03,12,1.03,10.5,1.031,25.5,1.03,14
28,Rome,Campionati Internazional d'Italia,5/8/06,Masters,Outdoor,Clay,1st Round,3,Kiefer N.,Bracciali D.,12,49,1560,752,4,6,6,2,6,4,,,,,2,1,Completed,1.8,1.9,1.9,1.9,1.83,1.91,1.98,1.926,1.78,1.98
28,Rome,Campionati Internazional d'Italia,5/8/06,Masters,Outdoor,Clay,1st Round,3,Monfils G.,Haas T.,35,25,904,1270,6,2,3,6,6,4,,,,,2,1,Completed,2.75,1.39,2.95,1.4,2.6,1.45,2.78,1.524,2.76,1.42
28,Rome,Campionati Internazional d'Italia,5/8/06,Masters,Outdoor,Clay,1st Round,3,Galvani S.,Novak J.,206,98,195,411,6,3,6,4,,,,,,,2,0,Completed,,,,,,,1.613,2.53,1.48,2.55
28,Rome,Campionati Internazional d'Italia,5/8/06,Masters,Outdoor,Clay,1st Round,3,Rusedski G.,Robredo T.,45,10,805,1630,5,7,6,3,6,4,,,,,2,1,Completed,7,1.08,9,1.06,7.19,1.07,13.5,1.065,8.75,1.07
28,Rome,Campionati Internazional d'Italia,5/8/06,Masters,Outdoor,Clay,1st Round,3,Martin A.,Sanguinetti D.,77,66,514,630,6,4,6,2,,,,,,,2,0,Completed,1.5,2.5,1.48,2.65,1.42,2.75,1.474,2.91,1.53,2.4
28,Rome,Campionati Internazional d'Italia,5/8/06,Masters,Outdoor,Clay,1st Round,3,Starace P.,Tursunov D.,81,32,497,920,6,4,6,1,,,,,,,2,0,Completed,1.3,3.39,1.28,3.65,1.28,3.46,1.308,3.95,1.3,3.35
28,Rome,Campionati Internazional d'Italia,5/9/06,Masters,Outdoor,Clay,1st Round,3,Henman T.,di Mauro A.,70,78,570,509,7,5,7,6,,,,,,,2,0,Completed,1.83,1.83,2.05,1.77,1.91,1.83,2.2,1.769,1.94,1.82
28,Rome,Campionati Internazional d'Italia,5/9/06,Masters,Outdoor,Clay,1st Round,3,Ramirez-Hidalgo R.,Coria G.,93,13,426,1465,6,3,6,2,,,,,,,2,0,Completed,2.37,1.53,2.35,1.6,2.17,1.64,2.48,1.633,2.33,1.57
28,Rome,Campionati Internazional d'Italia,5/9/06,Masters,Outdoor,Clay,1st Round,3,Malisse X.,Gaudio G.,41,8,836,1800,4,6,6,3,6,3,,,,,2,1,Completed,4.33,1.19,4.55,1.2,4.67,1.17,5,1.227,4.75,1.17
28,Rome,Campionati Internazional d'Italia,5/9/06,Masters,Outdoor,Clay,1st Round,3,Stepanek R.,Lopez F.,18,43,1420,830,6,4,6,4,,,,,,,2,0,Completed,1.39,2.75,1.37,3.1,1.39,2.83,1.422,3.17,1.38,2.9
28,Rome,Campionati Internazional d'Italia,5/9/06,Masters,Outdoor,Clay,1st Round,3,Berdych T.,Srichaphan P.,21,36,1370,880,6,1,6,3,,,,,,,2,0,Completed,1.16,4.5,1.25,4,1.2,4.25,1.267,4.45,1.25,3.75
28,Rome,Campionati Internazional d'Italia,5/9/06,Masters,Outdoor,Clay,1st Round,3,Davydenko N.,Pashanski B.,6,62,2495,662,6,1,6,4,,,,,,,2,0,Completed,1.16,4.5,1.25,4,1.2,4.25,1.265,4.47,1.2,4.25
28,Rome,Campionati Internazional d'Italia,5/9/06,Masters,Outdoor,Clay,1st Round,3,Nieminen J.,Grosjean S.,16,22,1455,1340,6,2,6,1,,,,,,,2,0,Completed,1.8,1.9,1.85,1.95,1.8,1.95,1.893,2.02,1.82,1.93
28,Rome,Campionati Internazional d'Italia,5/9/06,Masters,Outdoor,Clay,1st Round,3,Nalbandian D.,Vicente F.,3,89,2845,448,6,2,3,6,6,3,,,,,2,1,Completed,1.08,7,1.11,6.5,1.11,5.84,1.131,7.91,1.12,5.8
28,Rome,Campionati Internazional d'Italia,5/9/06,Masters,Outdoor,Clay,1st Round,3,Baghdatis M.,Rochus O.,20,29,1374,1150,7,5,6,4,,,,,,,2,0,Completed,2.25,1.57,2.45,1.55,2.3,1.6,2.51,1.621,2.5,1.5
28,Rome,Campionati Internazional d'Italia,5/9/06,Masters,Outdoor,Clay,1st Round,3,Nadal R.,Moya C.,2,33,4135,920,6,1,2,6,6,2,,,,,2,1,Completed,1.06,8,1.06,9,1.07,7.19,1.07,12.75,1.07,8
28,Rome,Campionati Internazional d'Italia,5/9/06,Masters,Outdoor,Clay,1st Round,3,Roddick A.,Hanescu V.,5,59,2515,676,6,1,6,0,,,,,,,2,0,Completed,1.39,2.75,1.5,2.6,1.5,2.45,1.535,2.77,1.5,2.5
28,Rome,Campionati Internazional d'Italia,5/9/06,Masters,Outdoor,Clay,1st Round,3,Safin M.,Gabashvili T.,51,126,740,349,7,5,3,6,6,1,,,,,2,1,Completed,1.19,4.33,1.25,4,1.25,3.75,1.277,4.31,1.2,4.25
28,Rome,Campionati Internazional d'Italia,5/9/06,Masters,Outdoor,Clay,1st Round,3,Johansson T.,Fognini F.,14,294,1460,113,7,6,6,3,,,,,,,2,0,Completed,2.25,1.57,2.3,1.62,2.35,1.55,2.57,1.599,2.28,1.58
28,Rome,Campionati Internazional d'Italia,5/9/06,Masters,Outdoor,Clay,1st Round,3,Mathieu P.H.,Ferrero J.C.,40,27,838,1195,6,1,6,3,,,,,,,2,0,Completed,2.62,1.44,2.75,1.45,2.6,1.45,2.86,1.485,2.75,1.42
28,Rome,Campionati Internazional d'Italia,5/9/06,Masters,Outdoor,Clay,1st Round,3,Verdasco F.,Bolelli S.,39,174,865,234,6,4,2,6,6,1,,,,,2,1,Completed,1.14,5,1.2,4.55,,,1.156,6.79,1.18,4.6
28,Rome,Campionati Internazional d'Italia,5/9/06,Masters,Outdoor,Clay,1st Round,3,Volandri F.,Murray A.,46,44,796,807,6,4,6,4,,,,,,,2,0,Completed,1.36,3,1.35,3.2,1.34,3.12,1.429,3.13,1.37,2.95
28,Rome,Campionati Internazional d'Italia,5/10/06,Masters,Outdoor,Clay,2nd Round,3,Nalbandian D.,Mathieu P.H.,3,40,2845,838,6,2,6,4,,,,,,,2,0,Completed,1.39,2.75,1.4,2.95,1.35,3,1.467,2.94,1.42,2.8
28,Rome,Campionati Internazional d'Italia,5/10/06,Masters,Outdoor,Clay,2nd Round,3,Rusedski G.,Galvani S.,45,206,805,195,7,6,6,4,,,,,,,2,0,Completed,1.8,1.9,2,1.81,1.95,1.8,2.04,1.877,1.9,1.85
28,Rome,Campionati Internazional d'Italia,5/10/06,Masters,Outdoor,Clay,2nd Round,3,Santoro F.,Hrbaty D.,53,24,722,1270,7,6,6,3,,,,,,,2,0,Completed,2.5,1.5,2.35,1.6,2.3,1.6,2.45,1.645,2.5,1.5
28,Rome,Campionati Internazional d'Italia,5/10/06,Masters,Outdoor,Clay,2nd Round,3,Martin A.,Kiefer N.,77,12,514,1560,6,3,7,6,,,,,,,2,0,Completed,1.9,1.8,1.81,2,1.85,1.9,1.926,1.98,1.93,1.82
28,Rome,Campionati Internazional d'Italia,5/10/06,Masters,Outdoor,Clay,2nd Round,3,Almagro N.,Acasuso J.,54,34,714,910,6,4,2,6,6,4,,,,,2,1,Completed,1.61,2.2,1.57,2.4,1.53,2.4,1.606,2.55,1.62,2.22
28,Rome,Campionati Internazional d'Italia,5/10/06,Masters,Outdoor,Clay,2nd Round,3,Berdych T.,Malisse X.,21,41,1370,836,6,2,6,1,,,,,,,2,0,Completed,1.66,2.1,1.73,2.1,1.65,2.1,1.82,2.12,1.8,1.95
28,Rome,Campionati Internazional d'Italia,5/10/06,Masters,Outdoor,Clay,2nd Round,3,Monfils G.,Ginepri R.,35,17,904,1450,6,1,4,6,6,4,,,,,2,1,Completed,1.39,2.75,1.42,2.85,1.45,2.6,1.446,3.04,1.37,2.95
28,Rome,Campionati Internazional d'Italia,5/10/06,Masters,Outdoor,Clay,2nd Round,3,Roddick A.,Baghdatis M.,5,20,2515,1374,3,6,6,1,6,2,,,,,2,1,Completed,1.83,1.83,1.95,1.85,1.87,1.87,1.943,1.962,1.97,1.8
28,Rome,Campionati Internazional d'Italia,5/10/06,Masters,Outdoor,Clay,2nd Round,3,Gonzalez F.,Youzhny M.,9,38,1640,865,6,4,5,7,6,3,,,,,2,1,Completed,1.28,3.5,1.28,3.65,1.28,3.46,1.287,4.19,1.25,3.75
28,Rome,Campionati Internazional d'Italia,5/10/06,Masters,Outdoor,Clay,2nd Round,3,Ancic M.,Serra F.,15,47,1455,782,3,6,7,6,6,0,,,,,2,1,Completed,1.8,1.9,1.95,1.85,1.85,1.9,1.98,1.926,1.88,1.88
28,Rome,Campionati Internazional d'Italia,5/10/06,Masters,Outdoor,Clay,2nd Round,3,Federer R.,Starace P.,1,81,7160,497,6,3,7,6,,,,,,,2,0,Completed,1.01,12,1.02,14,1.03,10.5,1.028,27,1.02,20
28,Rome,Campionati Internazional d'Italia,5/10/06,Masters,Outdoor,Clay,2nd Round,3,Ramirez-Hidalgo R.,Safin M.,93,51,426,740,0,6,7,6,7,6,,,,,2,1,Completed,3.75,1.25,3.5,1.3,3.35,1.3,3.66,1.35,3.5,1.25
28,Rome,Campionati Internazional d'Italia,5/10/06,Masters,Outdoor,Clay,2nd Round,3,Stepanek R.,Nieminen J.,18,16,1420,1455,6,4,7,6,,,,,,,2,0,Completed,2.37,1.53,2.5,1.53,2.6,1.45,2.66,1.568,2.5,1.5
28,Rome,Campionati Internazional d'Italia,5/10/06,Masters,Outdoor,Clay,2nd Round,3,Davydenko N.,Verdasco F.,6,39,2495,865,6,1,3,6,6,0,,,,,2,1,Completed,1.5,2.5,1.57,2.4,1.6,2.3,1.588,2.6,1.5,2.5
28,Rome,Campionati Internazional d'Italia,5/10/06,Masters,Outdoor,Clay,2nd Round,3,Henman T.,Johansson T.,70,14,570,1460,7,6,6,1,,,,,,,2,0,Completed,1.57,2.25,1.57,2.4,1.55,2.35,1.676,2.38,1.54,2.4
28,Rome,Campionati Internazional d'Italia,5/10/06,Masters,Outdoor,Clay,2nd Round,3,Nadal R.,Volandri F.,2,46,4135,796,6,1,6,2,,,,,,,2,0,Completed,1.07,7.5,1.05,10,1.07,7.19,1.07,12.25,1.03,12
28,Rome,Campionati Internazional d'Italia,5/11/06,Masters,Outdoor,Clay,3rd Round,3,Nalbandian D.,Martin A.,3,77,2845,514,7,5,6,4,,,,,,,2,0,Completed,1.14,5,1.2,4.4,1.15,5.2,1.215,5.26,1.2,4.3
28,Rome,Campionati Internazional d'Italia,5/11/06,Masters,Outdoor,Clay,3rd Round,3,Ancic M.,Ramirez-Hidalgo R.,15,93,1455,426,6,3,6,7,7,5,,,,,2,1,Completed,1.61,2.2,1.65,2.25,1.65,2.15,1.649,2.44,1.58,2.32
28,Rome,Campionati Internazional d'Italia,5/11/06,Masters,Outdoor,Clay,3rd Round,3,Federer R.,Stepanek R.,1,18,7160,1420,6,1,6,4,,,,,,,2,0,Completed,1.03,10,1.04,11,1.02,11.5,1.056,15,1.03,14
28,Rome,Campionati Internazional d'Italia,5/11/06,Masters,Outdoor,Clay,3rd Round,3,Gonzalez F.,Berdych T.,9,21,1640,1370,6,2,6,4,,,,,,,2,0,Completed,1.57,2.25,1.65,2.25,1.75,2,1.752,2.23,1.55,2.38
28,Rome,Campionati Internazional d'Italia,5/11/06,Masters,Outdoor,Clay,3rd Round,3,Roddick A.,Rusedski G.,5,45,2515,805,7,6,6,2,,,,,,,2,0,Completed,1.19,4.33,1.2,4.55,1.15,5.2,1.217,5.21,1.2,4.3
28,Rome,Campionati Internazional d'Italia,5/11/06,Masters,Outdoor,Clay,3rd Round,3,Almagro N.,Davydenko N.,54,6,714,2495,7,6,,,,,,,,,1,0,Retired,1.8,1.9,1.7,2.15,1.75,2,1.781,2.18,1.67,2.12
28,Rome,Campionati Internazional d'Italia,5/11/06,Masters,Outdoor,Clay,3rd Round,3,Monfils G.,Santoro F.,35,53,904,722,7,6,6,2,,,,,,,2,0,Completed,1.8,1.9,1.81,2,1.7,2.1,1.885,2.03,1.85,1.9
28,Rome,Campionati Internazional d'Italia,5/11/06,Masters,Outdoor,Clay,3rd Round,3,Nadal R.,Henman T.,2,70,4135,570,6,2,6,2,,,,,,,2,0,Completed,1.02,11,1.02,14,1.02,11.5,1.034,22.81,1.03,14
28,Rome,Campionati Internazional d'Italia,5/12/06,Masters,Outdoor,Clay,Quarterfinals,3,Nalbandian D.,Ancic M.,3,15,2845,1455,6,3,6,3,,,,,,,2,0,Completed,1.16,4.5,1.15,5.5,1.15,5.23,1.143,7.3,1.16,4.9
28,Rome,Campionati Internazional d'Italia,5/12/06,Masters,Outdoor,Clay,Quarterfinals,3,Federer R.,Almagro N.,1,54,7160,714,6,3,6,7,7,5,,,,,2,1,Completed,1.07,7.5,1.12,6,1.11,5.84,1.133,7.8,1.08,8.25
28,Rome,Campionati Internazional d'Italia,5/12/06,Masters,Outdoor,Clay,Quarterfinals,3,Nadal R.,Gonzalez F.,2,9,4135,1640,6,4,6,3,,,,,,,2,0,Completed,1.07,7.5,1.08,8,1.07,7.19,1.084,10.88,1.08,8.25
28,Rome,Campionati Internazional d'Italia,5/12/06,Masters,Outdoor,Clay,Quarterfinals,3,Monfils G.,Roddick A.,35,5,904,2515,6,2,6,3,,,,,,,2,0,Completed,2.75,1.39,2.6,1.48,2.45,1.5,2.76,1.538,2.6,1.5
28,Rome,Campionati Internazional d'Italia,5/13/06,Masters,Outdoor,Clay,Semifinals,3,Federer R.,Nalbandian D.,1,3,7160,2845,6,3,3,6,7,6,,,,,2,1,Completed,1.2,4.5,1.25,4,1.21,4.06,1.25,4.6,1.24,4
28,Rome,Campionati Internazional d'Italia,5/13/06,Masters,Outdoor,Clay,Semifinals,3,Nadal R.,Monfils G.,2,35,4135,904,6,2,6,2,,,,,,,2,0,Completed,1.03,12,1.02,14,1.04,9.25,1.045,18.28,1.03,14
28,Rome,Campionati Internazional d'Italia,5/14/06,Masters,Outdoor,Clay,The Final,5,Nadal R.,Federer R.,2,1,4135,7160,6,7,7,6,6,4,2,6,7,6,3,2,Completed,1.44,2.75,1.45,2.75,1.41,2.93,1.455,3,1.45,2.75
29,Hamburg,Hamburg TMS,5/15/06,Masters,Outdoor,Clay,1st Round,3,Blake J.,Moya C.,7,31,1865,925,6,3,3,6,7,5,,,,,2,1,Completed,3.25,1.33,3.2,1.35,3.1,1.35,3.1,1.435,3,1.36
29,Hamburg,Hamburg TMS,5/15/06,Masters,Outdoor,Clay,1st Round,3,Nieminen J.,Sanguinetti D.,17,64,1450,620,5,7,6,1,6,4,,,,,2,1,Completed,1.16,4.5,1.18,4.85,1.15,5.2,1.181,6.01,1.15,5
29,Hamburg,Hamburg TMS,5/15/06,Masters,Outdoor,Clay,1st Round,3,Robredo T.,Novak J.,12,128,1560,341,6,3,6,2,,,,,,,2,0,Completed,,,,,,,1.1,9,,
29,Hamburg,Hamburg TMS,5/15/06,Masters,Outdoor,Clay,1st Round,3,Serra F.,Berdych T.,44,18,802,1410,6,4,0,6,7,5,,,,,2,1,Completed,2.37,1.53,2.45,1.55,2.3,1.6,2.47,1.637,2.22,1.62
29,Hamburg,Hamburg TMS,5/15/06,Masters,Outdoor,Clay,1st Round,3,Ferrer D.,Lopez F.,20,45,1385,800,6,4,6,2,,,,,,,2,0,Completed,,,1.35,3.2,1.3,3.35,1.429,3.13,1.29,3.4
29,Hamburg,Hamburg TMS,5/15/06,Masters,Outdoor,Clay,1st Round,3,Rochus C.,Srichaphan P.,69,35,595,880,7,5,6,1,,,,,,,2,0,Completed,1.25,3.75,1.28,3.65,1.25,3.74,1.313,3.9,1.25,3.75
29,Hamburg,Hamburg TMS,5/15/06,Masters,Outdoor,Clay,1st Round,3,Garcia-Lopez G.,Youzhny M.,105,37,404,865,6,0,6,4,,,,,,,2,0,Completed,1.9,1.8,2.2,1.67,2.1,1.7,2.26,1.735,2.08,1.7
29,Hamburg,Hamburg TMS,5/15/06,Masters,Outdoor,Clay,1st Round,3,Djokovic N.,Coria G.,71,21,577,1345,6,3,3,6,6,3,,,,,2,1,Completed,1.72,2,1.65,2.25,1.67,2.12,1.741,2.25,1.7,2.1
29,Hamburg,Hamburg TMS,5/15/06,Masters,Outdoor,Clay,1st Round,3,Ferrero J.C.,Rochus O.,28,27,1110,1150,7,6,5,7,6,3,,,,,2,1,Completed,1.61,2.2,1.81,2,1.75,2.05,1.952,1.952,1.77,2
29,Hamburg,Hamburg TMS,5/15/06,Masters,Outdoor,Clay,1st Round,3,Ancic M.,Waske A.,13,92,1505,435,6,2,7,5,,,,,,,2,0,Completed,1.36,3,1.4,2.95,1.35,3.01,1.442,3.06,1.36,3
29,Hamburg,Hamburg TMS,5/15/06,Masters,Outdoor,Clay,1st Round,3,Saretta F.,Safin M.,101,51,408,740,5,7,6,0,6,4,,,,,2,1,Completed,4,1.22,4,1.25,4.25,1.2,4.66,1.246,4,1.23
29,Hamburg,Hamburg TMS,5/15/06,Masters,Outdoor,Clay,1st Round,3,Vliegen K.,Gasquet R.,41,43,837,825,6,4,6,2,,,,,,,2,0,Completed,2,1.72,1.85,1.95,1.99,1.76,1.909,2,1.92,1.83
29,Hamburg,Hamburg TMS,5/15/06,Masters,Outdoor,Clay,1st Round,3,Mathieu P.H.,Johansson T.,38,14,860,1490,6,3,6,4,,,,,,,2,0,Completed,1.33,3.25,1.3,3.5,1.28,3.46,1.31,3.93,1.3,3.45
29,Hamburg,Hamburg TMS,5/15/06,Masters,Outdoor,Clay,1st Round,3,Verdasco F.,Chela J.I.,34,39,895,855,1,6,6,4,6,2,,,,,2,1,Completed,1.9,1.8,1.95,1.85,1.87,1.87,2.07,1.855,1.95,1.82
29,Hamburg,Hamburg TMS,5/15/06,Masters,Outdoor,Clay,1st Round,3,Stepanek R.,Baghdatis M.,16,19,1460,1404,6,3,3,1,,,,,,,1,0,Retired,1.66,2.1,1.65,2.25,1.7,2.1,1.8,2.15,1.65,2.2
29,Hamburg,Hamburg TMS,5/15/06,Masters,Outdoor,Clay,1st Round,3,Ljubicic I.,Kohlschreiber P.,5,82,2635,494,6,7,6,3,6,3,,,,,2,1,Completed,1.25,3.75,1.3,3.5,1.3,3.35,1.293,4.11,1.3,3.3
29,Hamburg,Hamburg TMS,5/15/06,Masters,Outdoor,Clay,1st Round,3,Phau B.,Santoro F.,65,47,608,792,3,6,6,1,6,4,,,,,2,1,Completed,2.75,1.39,2.65,1.48,2.6,1.45,2.93,1.469,2.65,1.45
29,Hamburg,Hamburg TMS,5/16/06,Masters,Outdoor,Clay,1st Round,3,Hrbaty D.,Mayer F.,25,76,1230,548,6,4,6,2,,,,,,,2,0,Completed,1.36,3,1.4,2.95,1.37,2.92,1.446,3.04,1.32,3.25
29,Hamburg,Hamburg TMS,5/16/06,Masters,Outdoor,Clay,1st Round,3,Murray A.,Monfils G.,46,29,797,1110,6,4,6,1,,,,,,,2,0,Completed,3,1.36,3.1,1.37,2.75,1.4,2.94,1.467,3,1.36
29,Hamburg,Hamburg TMS,5/16/06,Masters,Outdoor,Clay,1st Round,3,Mirnyi M.,Horna L.,59,49,665,752,7,6,7,5,,,,,,,2,0,Completed,3,1.36,2.85,1.42,2.6,1.45,3.18,1.42,2.75,1.42
29,Hamburg,Hamburg TMS,5/16/06,Masters,Outdoor,Clay,1st Round,3,Davydenko N.,Massu N.,6,32,2345,920,6,3,6,4,,,,,,,2,0,Completed,1.53,2.37,1.65,2.25,1.65,2.15,1.629,2.49,1.65,2.15
29,Hamburg,Hamburg TMS,5/16/06,Masters,Outdoor,Clay,1st Round,3,Monaco J.,Malisse X.,130,36,328,871,6,3,2,0,,,,,,,1,0,Retired,2.25,1.57,2.25,1.65,2.35,1.55,2.24,1.746,2.4,1.55
29,Hamburg,Hamburg TMS,5/16/06,Masters,Outdoor,Clay,1st Round,3,Seppi A.,Wawrinka S.,70,56,578,683,2,6,7,6,6,1,,,,,2,1,Completed,2.25,1.57,2.5,1.53,2.2,1.63,2.5,1.625,2.4,1.55
29,Hamburg,Hamburg TMS,5/16/06,Masters,Outdoor,Clay,1st Round,3,Gonzalez F.,Tursunov D.,8,33,1730,910,6,4,6,3,,,,,,,2,0,Completed,1.07,7.5,1.08,8,1.1,6.75,1.089,10.25,1.08,7
29,Hamburg,Hamburg TMS,5/16/06,Masters,Outdoor,Clay,1st Round,3,Kiefer N.,Melzer J.,11,60,1560,655,6,2,3,6,6,3,,,,,2,1,Completed,1.8,1.9,1.88,1.92,1.8,1.95,1.833,2.1,1.82,1.94
29,Hamburg,Hamburg TMS,5/16/06,Masters,Outdoor,Clay,1st Round,3,Simon G.,Rusedski G.,53,40,703,845,6,1,6,1,,,,,,,2,0,Completed,1.39,2.75,1.35,3.2,1.35,3.1,1.348,3.67,1.36,3
29,Hamburg,Hamburg TMS,5/16/06,Masters,Outdoor,Clay,1st Round,3,Schuettler R.,Dlouhy L.,77,86,538,458,4,6,6,3,6,2,,,,,2,1,Completed,1.57,2.25,1.6,2.35,1.58,2.28,1.69,2.35,1.6,2.25
29,Hamburg,Hamburg TMS,5/16/06,Masters,Outdoor,Clay,1st Round,3,Gaudio G.,Martin A.,9,67,1730,599,6,2,3,6,6,4,,,,,2,1,Completed,1.22,4,1.3,3.5,1.3,3.35,1.333,3.7,1.25,3.75
29,Hamburg,Hamburg TMS,5/16/06,Masters,Outdoor,Clay,1st Round,3,Grosjean S.,Ginepri R.,23,15,1270,1480,7,5,7,5,,,,,,,2,0,Completed,1.39,2.75,1.4,2.95,1.4,2.85,1.415,3.21,1.36,3
29,Hamburg,Hamburg TMS,5/16/06,Masters,Outdoor,Clay,1st Round,3,Soderling R.,Haas T.,54,24,700,1270,6,2,2,1,,,,,,,1,0,Retired,2.62,1.44,2.85,1.42,2.53,1.48,3.25,1.408,2.5,1.5
29,Hamburg,Hamburg TMS,5/16/06,Masters,Outdoor,Clay,1st Round,3,Volandri F.,Pashanski B.,52,62,706,642,6,2,6,2,,,,,,,2,0,Completed,1.25,3.75,1.25,4,1.21,4.06,1.274,4.35,1.25,3.75
29,Hamburg,Hamburg TMS,5/16/06,Masters,Outdoor,Clay,1st Round,3,Acasuso J.,Greul S.,30,90,940,445,6,2,6,1,,,,,,,2,0,Completed,1.22,4,1.28,3.65,1.25,3.75,1.323,3.8,1.26,3.75
29,Hamburg,Hamburg TMS,5/17/06,Masters,Outdoor,Clay,2nd Round,3,Robredo T.,Serra F.,12,44,1560,802,3,6,6,3,6,2,,,,,2,1,Completed,1.39,2.75,1.45,2.75,1.4,2.85,1.402,3.29,1.44,2.7
29,Hamburg,Hamburg TMS,5/17/06,Masters,Outdoor,Clay,2nd Round,3,Stepanek R.,Phau B.,16,65,1460,608,6,4,6,3,,,,,,,2,0,Completed,1.25,3.75,1.3,3.5,1.28,3.46,1.328,3.75,1.3,3.35
29,Hamburg,Hamburg TMS,5/17/06,Masters,Outdoor,Clay,2nd Round,3,Nieminen J.,Rochus C.,17,69,1450,595,6,1,6,0,,,,,,,2,0,Completed,1.36,3,1.48,2.65,1.4,2.85,1.429,3.13,1.4,2.82
29,Hamburg,Hamburg TMS,5/17/06,Masters,Outdoor,Clay,2nd Round,3,Davydenko N.,Seppi A.,6,70,2345,578,6,1,6,2,,,,,,,2,0,Completed,1.33,3.25,1.3,3.5,1.28,3.46,1.307,3.96,1.25,3.25
29,Hamburg,Hamburg TMS,5/17/06,Masters,Outdoor,Clay,2nd Round,3,Mathieu P.H.,Vliegen K.,38,41,860,837,6,2,6,4,,,,,,,2,0,Completed,1.8,1.9,1.9,1.9,2,1.75,2.05,1.87,1.94,1.82
29,Hamburg,Hamburg TMS,5/17/06,Masters,Outdoor,Clay,2nd Round,3,Soderling R.,Monaco J.,54,130,700,328,6,4,6,4,,,,,,,2,0,Completed,1.66,2.1,1.81,2,1.65,2.1,1.847,2.08,1.75,2.05
29,Hamburg,Hamburg TMS,5/17/06,Masters,Outdoor,Clay,2nd Round,3,Simon G.,Gaudio G.,53,9,703,1730,6,4,3,6,6,4,,,,,2,1,Completed,3,1.36,2.6,1.5,2.6,1.45,3.12,1.431,2.78,1.42
29,Hamburg,Hamburg TMS,5/17/06,Masters,Outdoor,Clay,2nd Round,3,Ferrer D.,Saretta F.,20,101,1385,408,6,1,7,6,,,,,,,2,0,Completed,1.28,3.5,1.33,3.3,1.35,3.1,1.286,4.2,1.3,3.35
29,Hamburg,Hamburg TMS,5/17/06,Masters,Outdoor,Clay,2nd Round,3,Mirnyi M.,Kiefer N.,59,11,665,1560,6,2,6,2,,,,,,,2,0,Completed,3,1.36,3.1,1.37,3.22,1.32,3.63,1.353,3,1.36
29,Hamburg,Hamburg TMS,5/17/06,Masters,Outdoor,Clay,2nd Round,3,Ferrero J.C.,Schuettler R.,28,77,1110,538,6,3,3,6,6,2,,,,,2,1,Completed,1.16,4.5,1.18,4.85,1.15,5.2,1.208,5.4,1.2,4.3
29,Hamburg,Hamburg TMS,5/17/06,Masters,Outdoor,Clay,2nd Round,3,Gonzalez F.,Hrbaty D.,8,25,1730,1230,6,7,6,1,6,3,,,,,2,1,Completed,1.25,3.75,1.3,3.5,1.28,3.46,1.256,4.51,1.3,3.35
29,Hamburg,Hamburg TMS,5/17/06,Masters,Outdoor,Clay,2nd Round,3,Verdasco F.,Djokovic N.,34,71,895,577,6,4,6,3,,,,,,,2,0,Completed,1.72,2,1.67,2.2,1.6,2.3,1.758,2.22,1.65,2.18
29,Hamburg,Hamburg TMS,5/17/06,Masters,Outdoor,Clay,2nd Round,3,Ancic M.,Garcia-Lopez G.,13,105,1505,404,3,6,6,4,6,0,,,,,2,1,Completed,1.61,2.2,1.7,2.15,1.7,2.1,1.847,2.08,1.67,2.14
29,Hamburg,Hamburg TMS,5/17/06,Masters,Outdoor,Clay,2nd Round,3,Grosjean S.,Volandri F.,23,52,1270,706,7,5,7,6,,,,,,,2,0,Completed,2.75,1.39,2.55,1.5,2.53,1.48,2.85,1.488,2.55,1.48
29,Hamburg,Hamburg TMS,5/17/06,Masters,Outdoor,Clay,2nd Round,3,Blake J.,Murray A.,7,46,1865,797,6,3,6,3,,,,,,,2,0,Completed,1.72,2,1.77,2.05,1.65,2.15,1.654,2.43,1.66,2.15
29,Hamburg,Hamburg TMS,5/17/06,Masters,Outdoor,Clay,2nd Round,3,Acasuso J.,Ljubicic I.,30,5,940,2635,6,2,6,0,,,,,,,2,0,Completed,1.72,2,1.67,2.2,1.65,2.15,1.735,2.26,1.7,2.1
29,Hamburg,Hamburg TMS,5/18/06,Masters,Outdoor,Clay,3rd Round,3,Ferrer D.,Ferrero J.C.,20,28,1385,1110,6,2,6,4,,,,,,,2,0,Completed,1.61,2.2,1.57,2.4,1.7,2.08,1.633,2.48,1.53,2.43
29,Hamburg,Hamburg TMS,5/18/06,Masters,Outdoor,Clay,3rd Round,3,Stepanek R.,Soderling R.,16,54,1460,700,6,3,6,2,,,,,,,2,0,Completed,1.53,2.37,1.65,2.25,1.55,2.4,1.709,2.31,1.7,2.1
29,Hamburg,Hamburg TMS,5/18/06,Masters,Outdoor,Clay,3rd Round,3,Mirnyi M.,Simon G.,59,53,665,703,6,3,6,2,,,,,,,2,0,Completed,2.75,1.39,2.75,1.45,2.6,1.45,3.1,1.435,2.62,1.46
29,Hamburg,Hamburg TMS,5/18/06,Masters,Outdoor,Clay,3rd Round,3,Ancic M.,Blake J.,13,7,1505,1865,4,6,7,5,7,6,,,,,2,1,Completed,2.1,1.66,2.1,1.73,2.15,1.65,2.3,1.714,2.28,1.6
29,Hamburg,Hamburg TMS,5/18/06,Masters,Outdoor,Clay,3rd Round,3,Acasuso J.,Grosjean S.,30,23,940,1270,7,5,6,4,,,,,,,2,0,Completed,1.3,3.39,1.41,2.9,1.42,2.75,1.388,3.38,1.35,3.1
29,Hamburg,Hamburg TMS,5/18/06,Masters,Outdoor,Clay,3rd Round,3,Robredo T.,Mathieu P.H.,12,38,1560,860,6,3,6,3,,,,,,,2,0,Completed,1.53,2.37,1.6,2.35,1.65,2.15,1.671,2.39,1.58,2.3
29,Hamburg,Hamburg TMS,5/18/06,Masters,Outdoor,Clay,3rd Round,3,Verdasco F.,Gonzalez F.,34,8,895,1730,3,6,6,2,6,3,,,,,2,1,Completed,3.25,1.33,2.95,1.4,2.85,1.4,3.34,1.394,3,1.37
29,Hamburg,Hamburg TMS,5/18/06,Masters,Outdoor,Clay,3rd Round,3,Davydenko N.,Nieminen J.,6,17,2345,1450,6,1,6,3,,,,,,,2,0,Completed,1.61,2.2,1.65,2.25,1.65,2.15,1.69,2.35,1.65,2.15
29,Hamburg,Hamburg TMS,5/19/06,Masters,Outdoor,Clay,Quarterfinals,3,Stepanek R.,Mirnyi M.,16,59,1460,665,7,6,6,1,,,,,,,2,0,Completed,1.33,3.25,1.45,2.75,1.45,2.6,1.455,3,1.35,3.08
29,Hamburg,Hamburg TMS,5/19/06,Masters,Outdoor,Clay,Quarterfinals,3,Acasuso J.,Verdasco F.,30,34,940,895,6,1,6,7,6,3,,,,,2,1,Completed,1.39,2.75,1.45,2.75,1.55,2.35,1.503,2.86,1.45,2.65
29,Hamburg,Hamburg TMS,5/19/06,Masters,Outdoor,Clay,Quarterfinals,3,Ancic M.,Davydenko N.,13,6,1505,2345,5,7,7,6,6,3,,,,,2,1,Completed,3.4,1.3,3.65,1.28,3.9,1.25,3.9,1.313,3.4,1.29
29,Hamburg,Hamburg TMS,5/19/06,Masters,Outdoor,Clay,Quarterfinals,3,Robredo T.,Ferrer D.,12,20,1560,1385,7,6,6,4,,,,,,,2,0,Completed,1.83,1.83,2,1.81,1.9,1.85,2.19,1.775,2.02,1.75
29,Hamburg,Hamburg TMS,5/20/06,Masters,Outdoor,Clay,Semifinals,3,Stepanek R.,Acasuso J.,16,30,1460,940,6,4,7,6,,,,,,,2,0,Completed,2.25,1.57,2.65,1.48,2.45,1.5,2.68,1.562,2.34,1.57
29,Hamburg,Hamburg TMS,5/20/06,Masters,Outdoor,Clay,Semifinals,3,Robredo T.,Ancic M.,12,13,1560,1505,7,5,6,4,,,,,,,2,0,Completed,1.5,2.5,1.45,2.75,1.45,2.6,1.467,2.94,1.48,2.57
29,Hamburg,Hamburg TMS,5/21/06,Masters,Outdoor,Clay,The Final,5,Robredo T.,Stepanek R.,12,16,1560,1460,6,1,6,3,6,3,,,,,3,0,Completed,1.44,2.75,1.4,2.95,1.42,2.75,1.413,3.22,1.4,2.9
30,Portschach,Hypo Group Tennis International,5/22/06,International,Outdoor,Clay,1st Round,3,Chela J.,Wang Y.,38,88,845,450,6,3,6,1,,,,,,,2,0,Completed,1.1,6,1.1,6.5,1.13,5.5,1.129,8.04,1.12,5.75
30,Portschach,Hypo Group Tennis International,5/22/06,International,Outdoor,Clay,1st Round,3,Novak J.,Phau B.,127,62,345,629,6,3,6,3,,,,,,,2,0,Completed,3,1.33,3,1.37,3.2,1.33,3.22,1.413,2.95,1.37
30,Portschach,Hypo Group Tennis International,5/22/06,International,Outdoor,Clay,1st Round,3,Melzer J.,Koubek S.,75,123,555,360,6,4,7,5,,,,,,,2,0,Completed,1.25,3.5,1.3,3.4,1.32,3.22,1.332,3.71,1.33,3.15
30,Portschach,Hypo Group Tennis International,5/22/06,International,Outdoor,Clay,1st Round,3,Gasquet R.,Hrbaty D.,43,24,825,1250,6,0,4,6,6,3,,,,,2,1,Completed,,,,,,,,,,
30,Portschach,Hypo Group Tennis International,5/22/06,International,Outdoor,Clay,1st Round,3,Almagro N.,Rochus C.,42,76,826,555,6,2,6,1,,,,,,,2,0,Completed,1.1,6,1.13,5.65,1.13,5.5,1.163,6.55,1.12,5.5
30,Portschach,Hypo Group Tennis International,5/22/06,International,Outdoor,Clay,1st Round,3,Starace P.,Martin A.,78,68,517,589,7,5,7,6,,,,,,,2,0,Completed,2.37,1.53,2.35,1.57,2.15,1.65,2.5,1.625,2.25,1.6
30,Portschach,Hypo Group Tennis International,5/22/06,International,Outdoor,Clay,1st Round,3,Pavel A.,Berlocq C.,111,82,383,503,7,5,6,2,,,,,,,2,0,Completed,1.66,2.1,1.77,2,1.75,2.05,1.787,2.17,1.76,2
30,Portschach,Hypo Group Tennis International,5/22/06,International,Outdoor,Clay,1st Round,3,Daniel M.,Hewitt L.,89,14,449,1580,3,6,6,3,7,6,,,,,2,1,Completed,3.25,1.28,2.85,1.4,2.92,1.37,3.35,1.392,2.95,1.37
30,Portschach,Hypo Group Tennis International,5/23/06,International,Outdoor,Clay,1st Round,3,Seppi A.,Dlouhy L.,69,85,586,465,6,3,6,4,,,,,,,2,0,Completed,1.28,3.25,1.3,3.4,1.35,3.1,1.41,3.24,1.36,3
30,Portschach,Hypo Group Tennis International,5/23/06,International,Outdoor,Clay,1st Round,3,Horna L.,Moodie W.,53,73,742,560,7,6,6,3,,,,,,,2,0,Completed,1.19,4,1.25,3.85,1.25,3.9,1.263,4.5,1.22,4.05
30,Portschach,Hypo Group Tennis International,5/23/06,International,Outdoor,Clay,1st Round,3,Marach O.,Spadea V.,97,71,422,570,6,4,6,3,,,,,,,2,0,Completed,1.72,2,1.77,2,1.75,2.05,1.82,2.12,1.78,1.97
30,Portschach,Hypo Group Tennis International,5/23/06,International,Outdoor,Clay,1st Round,3,Davydenko N.,Zib T.,6,106,2295,399,6,3,6,0,,,,,,,2,0,Completed,1.12,5.5,1.13,5.65,1.15,5.5,1.142,7.35,1.12,5.7
30,Portschach,Hypo Group Tennis International,5/23/06,International,Outdoor,Clay,1st Round,3,Ramirez-Hidalgo R.,Lapentti N.,80,128,511,342,4,6,6,4,6,3,,,,,2,1,Completed,1.39,2.75,1.4,2.85,1.4,2.85,1.446,3.04,1.4,2.82
30,Portschach,Hypo Group Tennis International,5/23/06,International,Outdoor,Clay,1st Round,3,Simon G.,Popp T.,48,289,785,119,7,5,6,4,,,,,,,2,0,Completed,1.14,5,1.18,4.75,,,1.244,4.7,1.15,5
30,Portschach,Hypo Group Tennis International,5/23/06,International,Outdoor,Clay,1st Round,3,Muller G.,Azzaro L.,66,309,598,106,6,3,7,6,,,,,,,2,0,Completed,1.53,2.37,1.6,2.3,1.5,2.45,1.602,2.56,,
30,Portschach,Hypo Group Tennis International,5/23/06,International,Outdoor,Clay,1st Round,3,Monaco J.,Tursunov D.,114,34,373,900,7,6,6,2,,,,,,,2,0,Completed,1.25,3.5,1.33,3.2,1.35,3.1,1.383,3.41,1.3,3.35
30,Portschach,Hypo Group Tennis International,5/24/06,International,Outdoor,Clay,2nd Round,3,Pavel A.,Daniel M.,111,89,383,449,7,5,6,0,,,,,,,2,0,Completed,1.72,2,1.75,2.05,1.67,2.12,1.847,2.08,1.7,2.08
30,Portschach,Hypo Group Tennis International,5/24/06,International,Outdoor,Clay,2nd Round,3,Marach O.,Simon G.,97,48,422,785,7,6,6,1,,,,,,,2,0,Completed,3,1.36,2.85,1.4,2.67,1.44,2.95,1.465,3.05,1.35
30,Portschach,Hypo Group Tennis International,5/25/06,International,Outdoor,Clay,2nd Round,3,Starace P.,Almagro N.,78,42,517,826,4,6,6,4,6,1,,,,,2,1,Completed,4.5,1.16,4.1,1.22,4.06,1.21,4.62,1.255,3.75,1.25
30,Portschach,Hypo Group Tennis International,5/25/06,International,Outdoor,Clay,2nd Round,3,Horna L.,Seppi A.,53,69,742,586,6,1,6,1,,,,,,,2,0,Completed,2,1.72,2,1.77,1.81,1.93,1.971,1.935,1.88,1.88
30,Portschach,Hypo Group Tennis International,5/25/06,International,Outdoor,Clay,2nd Round,3,Monaco J.,Muller G.,114,66,373,598,6,2,6,0,,,,,,,2,0,Completed,1.57,2.25,1.65,2.2,1.7,2.1,1.69,2.35,1.64,2.18
30,Portschach,Hypo Group Tennis International,5/25/06,International,Outdoor,Clay,2nd Round,3,Davydenko N.,Ramirez-Hidalgo R.,6,80,2295,511,6,2,6,4,,,,,,,2,0,Completed,1.22,4,1.28,3.55,1.28,3.46,1.312,3.91,1.22,4
30,Portschach,Hypo Group Tennis International,5/25/06,International,Outdoor,Clay,2nd Round,3,Novak J.,Chela J.,127,38,345,845,6,1,3,6,6,2,,,,,2,1,Completed,4,1.22,3.55,1.28,3.9,1.25,3.86,1.316,3.75,1.25
30,Portschach,Hypo Group Tennis International,5/25/06,International,Outdoor,Clay,2nd Round,3,Melzer J.,Gasquet R.,75,43,555,825,6,0,1,1,,,,,,,1,0,Retired,2,1.72,1.93,1.83,2,1.75,2.14,1.806,2.12,1.67
30,Portschach,Hypo Group Tennis International,5/25/06,International,Outdoor,Clay,Quarterfinals,3,Horna L.,Monaco J.,53,114,742,373,6,3,6,4,,,,,,,2,0,Completed,,,1.67,2.15,,,1.752,2.23,,
30,Portschach,Hypo Group Tennis International,5/25/06,International,Outdoor,Clay,Quarterfinals,3,Pavel A.,Marach O.,111,97,383,422,6,4,6,2,,,,,,,2,0,Completed,1.83,1.83,1.93,1.83,1.85,1.85,2.03,1.885,1.87,1.87
30,Portschach,Hypo Group Tennis International,5/25/06,International,Outdoor,Clay,Quarterfinals,3,Davydenko N.,Starace P.,6,78,2295,517,6,2,6,1,,,,,,,2,0,Completed,,,,,,,,,,
30,Portschach,Hypo Group Tennis International,5/25/06,International,Outdoor,Clay,Quarterfinals,3,Novak J.,Melzer J.,127,75,345,555,6,7,6,4,6,4,,,,,2,1,Completed,3.25,1.33,,,,,3.7,1.333,,
30,Portschach,Hypo Group Tennis International,5/26/06,International,Outdoor,Clay,Semifinals,3,Davydenko N.,Novak J.,6,127,2295,345,6,2,6,2,,,,,,,2,0,Completed,1.14,5,1.15,5.25,1.15,5.2,1.154,6.9,1.17,4.75
30,Portschach,Hypo Group Tennis International,5/26/06,International,Outdoor,Clay,Semifinals,3,Pavel A.,Horna L.,111,53,383,742,,,,,,,,,,,,,Walkover,2.37,1.53,2.4,1.55,2.46,1.51,2.64,1.575,2.38,1.55
30,Portschach,Hypo Group Tennis International,5/27/06,International,Outdoor,Clay,The Final,3,Davydenko N.,Pavel A.,6,111,127,53,6,0,6,3,,,,,,,2,0,Completed,1.16,4.5,1.16,5,1.17,4.67,1.154,6.9,1.13,5.5
31,Paris,French Open,5/28/06,Grand Slam,Outdoor,Clay,1st Round,5,Federer R.,Hartfield D.,1,157,7010,265,7,5,7,6,6,2,,,,,3,0,Completed,,,1.01,14,,,1.012,66,,
31,Paris,French Open,5/28/06,Grand Slam,Outdoor,Clay,1st Round,5,Henman T.,Carlsen K.,71,112,570,392,6,3,6,4,4,6,6,4,,,3,1,Completed,1.14,5,1.13,5.65,1.15,5.2,1.147,7.2,1.12,5.7
31,Paris,French Open,5/28/06,Grand Slam,Outdoor,Clay,1st Round,5,Moya C.,Marin J.A.,33,120,905,365,7,5,6,3,6,3,,,,,3,0,Completed,1.08,7,1.04,10,1.07,7.19,1.09,10.1,1.08,7.5
31,Paris,French Open,5/28/06,Grand Slam,Outdoor,Clay,1st Round,5,Nalbandian D.,Wawrinka S.,3,57,3065,683,6,2,7,6,6,4,,,,,3,0,Completed,1.14,5,1.2,4.4,1.15,4.92,1.229,4.96,1.17,4.7
31,Paris,French Open,5/28/06,Grand Slam,Outdoor,Clay,1st Round,5,Robredo T.,Zib T.,7,109,2020,399,6,4,6,2,6,2,,,,,3,0,Completed,1.04,9,1.04,10,1.04,9.35,1.033,24,1.04,10
31,Paris,French Open,5/29/06,Grand Slam,Outdoor,Clay,1st Round,5,Acasuso J.,Santoro F.,29,51,1090,777,6,3,6,1,3,6,1,6,11,9,3,2,Completed,1.16,4.5,1.22,4.1,1.2,4.25,1.259,4.56,1.18,4.5
31,Paris,French Open,5/29/06,Grand Slam,Outdoor,Clay,1st Round,5,Almagro N.,Arthurs W.,41,209,834,197,7,5,6,2,6,2,,,,,3,0,Completed,1.07,7.5,1.06,8.5,1.06,7.79,1.05,16,1.06,8
31,Paris,French Open,5/29/06,Grand Slam,Outdoor,Clay,1st Round,5,Ancic M.,Healey N.,12,195,1710,205,6,3,4,6,7,6,6,1,,,3,1,Completed,1.03,10,1.05,9,1.07,7.19,1.05,16,1.04,10
31,Paris,French Open,5/29/06,Grand Slam,Outdoor,Clay,1st Round,5,Berdych T.,Lopez F.,20,48,1390,790,6,2,6,4,6,3,,,,,3,0,Completed,1.28,3.5,1.28,3.55,1.26,3.59,1.277,4.31,1.28,3.5
31,Paris,French Open,5/29/06,Grand Slam,Outdoor,Clay,1st Round,5,Blake J.,Srichaphan P.,8,39,1925,845,6,0,6,4,7,6,,,,,3,0,Completed,1.1,6.5,1.1,6.5,1.09,6.68,1.094,9.65,1.08,7
31,Paris,French Open,5/29/06,Grand Slam,Outdoor,Clay,1st Round,5,Bozoljac I.,Pashanski B.,160,64,262,612,6,4,6,3,6,4,,,,,3,0,Completed,2.1,1.66,1.93,1.83,1.85,1.9,2.04,1.877,,
31,Paris,French Open,5/29/06,Grand Slam,Outdoor,Clay,1st Round,5,Capdeville P.,Rusedski G.,125,42,355,830,6,3,6,1,4,6,7,6,,,3,1,Completed,1.57,2.25,1.53,2.45,1.5,2.45,1.515,2.79,1.55,2.4
31,Paris,French Open,5/29/06,Grand Slam,Outdoor,Clay,1st Round,5,Davydenko N.,Spadea V.,6,72,2395,570,7,5,6,4,6,4,,,,,3,0,Completed,1.06,8,1.06,8.5,1.07,7.19,1.063,13.75,1.06,8
31,Paris,French Open,5/29/06,Grand Slam,Outdoor,Clay,1st Round,5,Dlouhy L.,Vliegen K.,86,36,465,867,4,6,6,4,3,6,7,6,6,2,3,2,Completed,4.5,1.16,4.4,1.2,4.67,1.17,5.52,1.199,4.3,1.2
31,Paris,French Open,5/29/06,Grand Slam,Outdoor,Clay,1st Round,5,Falla A.,Gimelstob J.,139,92,309,445,6,4,6,4,6,2,,,,,3,0,Completed,1.5,2.5,1.45,2.7,1.5,2.45,1.51,2.81,1.48,2.56
31,Paris,French Open,5/29/06,Grand Slam,Outdoor,Clay,1st Round,5,Ferrero J.C.,Del Potro J.M.,27,140,1145,307,6,3,2,6,6,2,6,4,,,3,1,Completed,1.19,4.33,1.28,3.55,1.2,4.45,1.271,4.39,1.2,4.3
31,Paris,French Open,5/29/06,Grand Slam,Outdoor,Clay,1st Round,5,Galvani S.,Mayer F.,158,78,264,538,4,6,6,0,7,6,3,6,7,5,3,2,Completed,1.72,2,1.65,2.2,1.75,2,1.735,2.26,1.72,2.08
31,Paris,French Open,5/29/06,Grand Slam,Outdoor,Clay,1st Round,5,Gasquet R.,Wang Y.T.,40,91,835,450,6,4,6,1,7,5,,,,,3,0,Completed,1.11,6,1.12,6,1.11,5.84,1.152,7,1.11,6
31,Paris,French Open,5/29/06,Grand Slam,Outdoor,Clay,1st Round,5,Gaudio G.,Karanusic R.,10,180,1745,225,6,2,6,2,6,2,,,,,3,0,Completed,1.11,6,1.14,5.4,1.11,5.84,1.191,5.73,1.12,6
31,Paris,French Open,5/29/06,Grand Slam,Outdoor,Clay,1st Round,5,Gicquel M.,di Mauro A.,115,81,378,509,7,5,7,6,6,3,,,,,3,0,Completed,2.37,1.53,2.15,1.67,2.08,1.7,2.44,1.649,2.24,1.62
31,Paris,French Open,5/29/06,Grand Slam,Outdoor,Clay,1st Round,5,Grosjean S.,Pavel A.,21,84,1340,494,6,3,6,2,6,3,,,,,3,0,Completed,1.28,3.5,1.3,3.4,1.3,3.35,1.299,4.05,1.3,3.35
31,Paris,French Open,5/29/06,Grand Slam,Outdoor,Clay,1st Round,5,Kiefer N.,Melzer J.,13,70,1590,580,7,6,6,3,6,1,,,,,3,0,Completed,1.5,2.5,1.57,2.35,1.5,2.45,1.585,2.61,1.57,2.32
31,Paris,French Open,5/29/06,Grand Slam,Outdoor,Clay,1st Round,5,Kim K.,Silva J.,116,212,370,192,7,5,6,2,6,7,7,6,,,3,1,Completed,1.83,1.83,2.05,1.75,2,1.75,2.01,1.901,1.92,1.84
31,Paris,French Open,5/29/06,Grand Slam,Outdoor,Clay,1st Round,5,Kohlschreiber P.,Marach O.,83,90,499,454,6,3,7,5,6,7,6,2,,,3,1,Completed,1.57,2.25,1.55,2.4,1.51,2.46,1.602,2.56,1.52,2.44
31,Paris,French Open,5/29/06,Grand Slam,Outdoor,Clay,1st Round,5,Korolev E.,Seppi A.,151,69,283,586,6,4,2,6,3,6,7,5,6,1,3,2,Completed,2,1.72,2.15,1.67,2,1.75,2.04,1.877,,
31,Paris,French Open,5/29/06,Grand Slam,Outdoor,Clay,1st Round,5,Lapentti N.,Moodie W.,129,74,342,560,4,6,7,6,7,6,6,7,6,2,3,2,Completed,1.36,3,1.37,3,1.42,2.75,1.435,3.1,1.37,2.95
31,Paris,French Open,5/29/06,Grand Slam,Outdoor,Clay,1st Round,5,Massu N.,Malisse X.,35,37,885,856,6,1,7,5,1,6,4,6,9,7,3,2,Completed,1.44,2.62,1.53,2.45,1.5,2.45,1.641,2.46,1.48,2.55
31,Paris,French Open,5/29/06,Grand Slam,Outdoor,Clay,1st Round,5,Mirnyi M.,Muller G.,49,66,785,605,6,3,6,1,7,6,,,,,3,0,Completed,1.57,2.25,1.62,2.25,1.67,2.12,1.637,2.47,1.6,2.27
31,Paris,French Open,5/29/06,Grand Slam,Outdoor,Clay,1st Round,5,Nadal R.,Soderling R.,2,50,4545,778,6,2,7,5,6,1,,,,,3,0,Completed,1.02,11,1.02,12,1.02,16,1.022,31,1.02,20
31,Paris,French Open,5/29/06,Grand Slam,Outdoor,Clay,1st Round,5,Saretta F.,Starace P.,89,77,457,542,6,7,2,6,6,4,7,6,6,3,3,2,Completed,2.25,1.57,2.2,1.65,2.35,1.55,2.52,1.617,2.18,1.65
31,Paris,French Open,5/29/06,Grand Slam,Outdoor,Clay,1st Round,5,Sluiter R.,Nieminen J.,118,16,367,1480,6,2,7,6,2,1,,,,,2,0,Retired,6,1.11,6.25,1.11,6.23,1.1,9,1.1,5.75,1.12
31,Paris,French Open,5/29/06,Grand Slam,Outdoor,Clay,1st Round,5,Stepanek R.,Llodra M.,11,122,1735,361,6,4,6,4,6,2,,,,,3,0,Completed,1.12,5.5,1.16,5,1.15,5.2,1.158,6.71,1.18,4.65
31,Paris,French Open,5/29/06,Grand Slam,Outdoor,Clay,1st Round,5,Tursunov D.,Novak J.,34,101,900,415,6,2,6,3,6,2,,,,,3,0,Completed,2.75,1.39,2.6,1.48,2.45,1.5,2.76,1.524,2.8,1.41
31,Paris,French Open,5/29/06,Grand Slam,Outdoor,Clay,1st Round,5,Vassallo-Arguello M.,Goldstein P.,181,58,225,668,6,2,6,0,6,3,,,,,3,0,Completed,1.44,2.62,1.45,2.7,1.4,2.85,1.481,2.88,,
31,Paris,French Open,5/29/06,Grand Slam,Outdoor,Clay,1st Round,5,Volandri F.,Pless K.,55,143,716,299,6,4,7,6,6,4,,,,,3,0,Completed,1.11,6,1.16,4.85,1.17,4.67,1.186,5.87,1.15,5.1
31,Paris,French Open,5/29/06,Grand Slam,Outdoor,Clay,1st Round,5,Youzhny M.,Tuksar S.,43,166,830,253,6,3,6,3,3,6,6,0,,,3,1,Completed,1.5,2.5,1.62,2.25,1.6,2.3,1.645,2.45,,
31,Paris,French Open,5/30/06,Grand Slam,Outdoor,Clay,1st Round,5,Baghdatis M.,Portas A.,19,85,1399,481,6,4,6,4,6,7,6,1,,,3,1,Completed,1.44,2.62,1.6,2.3,1.55,2.35,1.637,2.47,1.55,2.4
31,Paris,French Open,5/30/06,Grand Slam,Outdoor,Clay,1st Round,5,Benneteau J.,Tipsarevic J.,95,104,437,412,6,2,6,4,5,7,6,3,,,3,1,Completed,1.83,1.83,1.93,1.83,1.87,1.87,2.03,1.885,2,1.76
31,Paris,French Open,5/30/06,Grand Slam,Outdoor,Clay,1st Round,5,Chardy J.,Bjorkman J.,455,75,60,558,6,2,7,5,6,2,,,,,3,0,Completed,1.72,2,1.57,2.35,1.65,2.15,1.667,2.4,1.64,2.2
31,Paris,French Open,5/30/06,Grand Slam,Outdoor,Clay,1st Round,5,Djokovic N.,Horna L.,63,46,627,802,6,3,5,0,,,,,,,1,0,Retired,1.8,1.9,1.88,1.88,1.76,1.99,1.943,1.962,1.8,1.95
31,Paris,French Open,5/30/06,Grand Slam,Outdoor,Clay,1st Round,5,Ferrer D.,Garcia-Lopez G.,15,102,1505,414,7,5,6,1,6,0,,,,,3,0,Completed,1.14,5,1.14,5.4,1.17,4.67,1.193,5.67,1.16,4.9
31,Paris,French Open,5/30/06,Grand Slam,Outdoor,Clay,1st Round,5,Gonzalez F.,Safin M.,9,53,1780,745,6,3,1,6,6,3,6,1,,,3,1,Completed,1.61,2.2,1.62,2.25,1.6,2.25,1.667,2.4,1.64,2.2
31,Paris,French Open,5/30/06,Grand Slam,Outdoor,Clay,1st Round,5,Haas T.,Schuettler R.,25,73,1250,563,6,4,6,3,6,3,,,,,3,0,Completed,1.33,3.2,1.37,3,1.4,2.85,1.382,3.42,1.44,2.68
31,Paris,French Open,5/30/06,Grand Slam,Outdoor,Clay,1st Round,5,Hernandez O.,Simon G.,131,47,337,791,6,4,6,2,6,3,,,,,3,0,Completed,3.25,1.33,4.15,1.22,3.9,1.25,3.85,1.317,3.12,1.34
31,Paris,French Open,5/30/06,Grand Slam,Outdoor,Clay,1st Round,5,Hewitt L.,Hernych J.,14,96,1580,435,7,6,3,6,6,2,6,0,,,3,1,Completed,1.5,2.5,1.55,2.4,,,1.585,2.61,1.48,2.56
31,Paris,French Open,5/30/06,Grand Slam,Outdoor,Clay,1st Round,5,Hrbaty D.,Roitman S.,24,117,1250,368,6,4,6,2,3,6,2,6,6,3,3,2,Completed,1.33,3.25,1.3,3.4,1.34,3.12,1.383,3.41,1.31,3.3
31,Paris,French Open,5/30/06,Grand Slam,Outdoor,Clay,1st Round,5,Karlovic I.,Patience O.,52,132,771,333,7,6,7,6,7,6,,,,,3,0,Completed,1.57,2.25,1.65,2.2,1.6,2.25,1.714,2.3,1.6,2.25
31,Paris,French Open,5/30/06,Grand Slam,Outdoor,Clay,1st Round,5,Kindlmann D.,Sabau R.,438,121,64,362,6,3,6,2,6,2,,,,,3,0,Completed,1.66,2.1,1.6,2.3,1.65,2.15,1.68,2.37,1.65,2.16
31,Paris,French Open,5/30/06,Grand Slam,Outdoor,Clay,1st Round,5,Ljubicic I.,Berlocq C.,4,82,2610,503,6,2,6,0,6,3,,,,,3,0,Completed,1.11,6,1.11,6.25,1.11,5.84,1.13,8,1.12,5.8
31,Paris,French Open,5/30/06,Grand Slam,Outdoor,Clay,1st Round,5,Martin A.,Roddick A.,68,5,589,2585,6,4,7,5,1,0,,,,,2,0,Retired,1.9,1.8,1.88,1.88,1.8,1.95,1.806,2.14,1.92,1.84
31,Paris,French Open,5/30/06,Grand Slam,Outdoor,Clay,1st Round,5,Mathieu P.H.,Phau B.,32,62,920,629,6,4,6,2,6,1,,,,,3,0,Completed,1.16,4.5,1.2,4.4,1.2,4.25,1.2,5.51,1.2,4.3
31,Paris,French Open,5/30/06,Grand Slam,Outdoor,Clay,1st Round,5,Monaco J.,van Gemerden M.,103,111,413,395,6,3,6,2,6,4,,,,,3,0,Completed,1.36,3,1.3,3.4,1.32,3.22,1.369,3.51,1.36,3.02
31,Paris,French Open,5/30/06,Grand Slam,Outdoor,Clay,1st Round,5,Monfils G.,Murray A.,28,45,1100,817,6,4,6,7,1,6,6,2,6,1,3,2,Completed,1.57,2.25,1.57,2.4,1.55,2.35,1.606,2.55,1.62,2.22
31,Paris,French Open,5/30/06,Grand Slam,Outdoor,Clay,1st Round,5,Montanes A.,Ginepri R.,105,17,411,1475,6,3,6,7,6,1,6,4,,,3,1,Completed,1.53,2.37,1.5,2.55,1.5,2.45,1.524,2.78,1.55,2.4
31,Paris,French Open,5/30/06,Grand Slam,Outdoor,Clay,1st Round,5,Montcourt M.,Daniel M.,213,88,191,459,6,2,6,4,1,6,6,2,,,3,1,Completed,2.5,1.5,2.4,1.55,2.34,1.56,2.53,1.613,2.42,1.53
31,Paris,French Open,5/30/06,Grand Slam,Outdoor,Clay,1st Round,5,Norman D.,Massa E.,110,561,396,39,6,1,6,3,6,3,,,,,3,0,Completed,2.2,1.61,2.1,1.7,1.87,1.87,1.99,1.917,2.08,1.71
31,Paris,French Open,5/30/06,Grand Slam,Outdoor,Clay,1st Round,5,Ramirez-Hidalgo R.,Ascione T.,79,135,525,319,7,6,6,4,6,7,6,3,,,3,1,Completed,1.33,3.25,1.35,3.1,1.35,3.1,1.312,3.91,1.33,3.15
31,Paris,French Open,5/30/06,Grand Slam,Outdoor,Clay,1st Round,5,Rochus C.,Johansson T.,76,18,555,1455,3,6,5,7,6,4,6,4,6,2,3,2,Completed,1.83,1.83,1.88,1.88,1.87,1.87,2.09,1.84,1.78,1.98
31,Paris,French Open,5/30/06,Grand Slam,Outdoor,Clay,1st Round,5,Rochus O.,Faurel J.C.,30,147,1080,289,6,1,6,4,6,2,,,,,3,0,Completed,1.11,6,1.16,5,1.13,5.5,1.179,6.1,1.11,6.05
31,Paris,French Open,5/30/06,Grand Slam,Outdoor,Clay,1st Round,5,Sanguinetti D.,Bracciali D.,65,54,610,742,3,6,7,6,6,3,6,3,,,3,1,Completed,2,1.72,2.05,1.75,2.05,1.75,2.24,1.746,2,1.76
31,Paris,French Open,5/30/06,Grand Slam,Outdoor,Clay,1st Round,5,Serra F.,Vik R.,44,67,822,598,6,1,1,6,7,5,6,4,,,3,1,Completed,1.5,2.5,1.53,2.45,1.53,2.4,1.524,2.78,1.48,2.55
31,Paris,French Open,5/30/06,Grand Slam,Outdoor,Clay,1st Round,5,Vanek J.,Mahut N.,100,80,416,516,6,3,7,6,6,7,7,6,,,3,1,Completed,1.83,1.83,2.1,1.7,1.9,1.85,2.13,1.813,1.87,1.87
31,Paris,French Open,5/30/06,Grand Slam,Outdoor,Clay,1st Round,5,Verdasco F.,Chela J.I.,31,38,1005,845,6,1,6,3,6,7,6,4,,,3,1,Completed,1.66,2.1,1.6,2.3,1.55,2.35,1.667,2.4,1.63,2.22
31,Paris,French Open,5/30/06,Grand Slam,Outdoor,Clay,1st Round,5,Waske A.,Vicente F.,94,87,440,460,6,4,4,6,7,6,7,6,,,3,1,Completed,2.37,1.53,2.55,1.5,2.6,1.45,2.71,1.552,2.32,1.57
31,Paris,French Open,5/31/06,Grand Slam,Outdoor,Clay,2nd Round,5,Ancic M.,Capdeville P.,12,125,1710,355,7,5,6,3,7,6,,,,,3,0,Completed,1.25,3.75,1.3,3.4,1.26,3.59,1.278,4.3,1.29,3.5
31,Paris,French Open,5/31/06,Grand Slam,Outdoor,Clay,2nd Round,5,Berdych T.,Volandri F.,20,55,1390,716,6,3,6,1,6,1,,,,,3,0,Completed,1.39,2.75,1.37,3,1.32,3.22,1.386,3.39,1.4,2.85
31,Paris,French Open,5/31/06,Grand Slam,Outdoor,Clay,2nd Round,5,Davydenko N.,Saretta F.,6,89,2395,457,6,2,4,1,,,,,,,1,0,Retired,1.1,6.5,1.08,7.25,1.12,5.66,1.085,10.7,,
31,Paris,French Open,5/31/06,Grand Slam,Outdoor,Clay,2nd Round,5,Dlouhy L.,Acasuso J.,86,29,465,1090,4,6,7,6,6,3,6,1,,,3,1,Completed,6.5,1.1,7.25,1.08,6.75,1.1,9.6,1.094,6.25,1.1
31,Paris,French Open,5/31/06,Grand Slam,Outdoor,Clay,2nd Round,5,Federer R.,Falla A.,1,139,7010,309,6,1,6,4,6,3,,,,,3,0,Completed,1,17,1.01,14,1.02,25,1.013,56,1.01,50
31,Paris,French Open,5/31/06,Grand Slam,Outdoor,Clay,2nd Round,5,Ferrero J.C.,Kohlschreiber P.,27,83,1145,499,6,2,6,4,6,2,,,,,3,0,Completed,1.3,3.39,1.3,3.4,1.28,3.46,1.333,3.7,1.29,3.45
31,Paris,French Open,5/31/06,Grand Slam,Outdoor,Clay,2nd Round,5,Gaudio G.,Korolev E.,10,151,1745,283,6,3,6,7,6,4,3,6,6,4,3,2,Completed,1.22,4,1.28,3.55,1.25,3.75,1.27,4.4,1.24,3.88
31,Paris,French Open,5/31/06,Grand Slam,Outdoor,Clay,2nd Round,5,Kiefer N.,Gicquel M.,13,115,1590,378,6,0,6,1,5,7,3,6,11,9,3,2,Completed,1.25,3.75,1.2,4.4,1.17,4.67,1.218,5.18,1.2,4.3
31,Paris,French Open,5/31/06,Grand Slam,Outdoor,Clay,2nd Round,5,Massu N.,Mirnyi M.,35,49,885,785,6,4,7,5,6,4,,,,,3,0,Completed,1.57,2.25,1.65,2.2,1.6,2.25,1.746,2.24,1.7,2.1
31,Paris,French Open,5/31/06,Grand Slam,Outdoor,Clay,2nd Round,5,Montanes A.,Galvani S.,105,158,411,264,7,5,6,1,3,6,2,6,6,4,3,2,Completed,1.57,2.25,1.53,2.45,1.6,2.3,1.637,2.47,1.55,2.38
31,Paris,French Open,5/31/06,Grand Slam,Outdoor,Clay,2nd Round,5,Moya C.,Youzhny M.,33,43,905,830,6,3,6,4,6,2,,,,,3,0,Completed,1.36,2.87,1.3,3.4,1.35,3.1,1.365,3.54,1.3,3.35
31,Paris,French Open,5/31/06,Grand Slam,Outdoor,Clay,2nd Round,5,Nalbandian D.,Gasquet R.,3,40,3065,835,6,2,3,6,7,5,6,0,,,3,1,Completed,1.22,4,1.2,4.4,1.2,4.25,1.25,4.6,1.2,4.3
31,Paris,French Open,5/31/06,Grand Slam,Outdoor,Clay,2nd Round,5,Sluiter R.,Lapentti N.,118,129,367,342,6,1,6,4,6,1,,,,,3,0,Completed,2.1,1.66,2.05,1.75,1.87,1.87,2,1.909,1.92,1.82
31,Paris,French Open,6/1/06,Grand Slam,Outdoor,Clay,2nd Round,5,Benneteau J.,Baghdatis M.,95,19,437,1399,3,6,6,4,6,3,6,7,6,4,3,2,Completed,3.25,1.33,2.8,1.42,3.1,1.35,3.37,1.389,3.18,1.33
31,Paris,French Open,6/1/06,Grand Slam,Outdoor,Clay,2nd Round,5,Djokovic N.,Gonzalez F.,63,9,627,1780,6,4,6,1,3,6,4,6,6,1,3,2,Completed,4,1.22,4.1,1.22,4.25,1.2,4.5,1.263,4.3,1.2
31,Paris,French Open,6/1/06,Grand Slam,Outdoor,Clay,2nd Round,5,Haas T.,Waske A.,25,94,1250,440,6,4,7,5,6,7,6,4,,,3,1,Completed,1.16,4.5,1.16,5,1.15,5.2,1.194,5.65,1.2,4.3
31,Paris,French Open,6/1/06,Grand Slam,Outdoor,Clay,2nd Round,5,Hewitt L.,Montcourt M.,14,213,1580,191,7,5,6,3,6,3,,,,,3,0,Completed,1.25,3.75,1.22,4.1,1.3,3.35,1.292,4.13,1.25,3.75
31,Paris,French Open,6/1/06,Grand Slam,Outdoor,Clay,2nd Round,5,Hrbaty D.,Karlovic I.,24,52,1250,771,4,6,6,4,6,7,7,5,6,2,3,2,Completed,1.66,2.1,1.7,2.1,1.73,2.03,1.746,2.24,1.78,1.98
31,Paris,French Open,6/1/06,Grand Slam,Outdoor,Clay,2nd Round,5,Ljubicic I.,Hernandez O.,4,131,2610,337,6,3,6,7,6,1,6,2,,,3,1,Completed,1.12,5.5,1.11,6.25,1.13,5.5,1.131,7.91,1.14,5.2
31,Paris,French Open,6/1/06,Grand Slam,Outdoor,Clay,2nd Round,5,Martin A.,Kindlmann D.,68,438,589,64,6,3,6,3,6,3,,,,,3,0,Completed,1.16,5,1.17,5,1.17,4.67,1.171,6.35,1.13,5.5
31,Paris,French Open,6/1/06,Grand Slam,Outdoor,Clay,2nd Round,5,Mathieu P.H.,Serra F.,32,44,920,822,6,0,7,6,7,6,,,,,3,0,Completed,1.53,2.37,1.67,2.2,1.55,2.35,1.694,2.34,1.68,2.12
31,Paris,French Open,6/1/06,Grand Slam,Outdoor,Clay,2nd Round,5,Monfils G.,Norman D.,28,110,1100,396,4,6,6,3,6,7,6,0,7,5,3,2,Completed,1.16,4.5,1.2,4.4,1.21,4.06,1.25,4.6,1.1,6
31,Paris,French Open,6/1/06,Grand Slam,Outdoor,Clay,2nd Round,5,Ramirez-Hidalgo R.,Rochus C.,79,76,525,555,5,2,,,,,,,,,0,0,Retired,1.5,2.5,1.5,2.55,1.45,2.6,1.49,2.84,1.48,2.55
31,Paris,French Open,6/1/06,Grand Slam,Outdoor,Clay,2nd Round,5,Robredo T.,Bozoljac I.,7,160,2020,262,7,5,6,2,3,6,6,1,,,3,1,Completed,1.05,8.5,1.04,10,1.05,8.5,1.044,18.5,1.04,11
31,Paris,French Open,6/1/06,Grand Slam,Outdoor,Clay,2nd Round,5,Rochus O.,Vanek J.,30,100,1080,416,6,2,6,0,6,2,,,,,3,0,Completed,1.16,4.5,1.17,4.85,1.17,4.67,1.181,6.01,1.15,5
31,Paris,French Open,6/1/06,Grand Slam,Outdoor,Clay,2nd Round,5,Stepanek R.,Sanguinetti D.,11,65,1735,610,6,3,6,3,6,1,,,,,3,0,Completed,1.12,5.5,1.13,5.65,1.17,4.67,1.166,6.41,1.17,4.7
31,Paris,French Open,6/1/06,Grand Slam,Outdoor,Clay,2nd Round,5,Tursunov D.,Henman T.,34,71,900,570,6,3,6,2,4,6,6,4,,,3,1,Completed,2.2,1.61,2.2,1.65,2.15,1.65,2.14,1.806,2.16,1.66
31,Paris,French Open,6/1/06,Grand Slam,Outdoor,Clay,2nd Round,5,Vassallo-Arguello M.,Grosjean S.,181,21,225,1340,1,6,6,4,4,6,7,5,6,2,3,2,Completed,5.5,1.12,5.65,1.13,5.19,1.14,6.45,1.168,5.3,1.14
31,Paris,French Open,6/2/06,Grand Slam,Outdoor,Clay,2nd Round,5,Ancic M.,Montanes A.,12,105,1710,411,6,1,6,2,6,4,,,,,3,0,Completed,1.25,3.75,1.3,3.5,1.32,3.22,1.324,3.79,1.28,3.5
31,Paris,French Open,6/2/06,Grand Slam,Outdoor,Clay,2nd Round,5,Berdych T.,Kiefer N.,20,13,1390,1590,6,1,,,,,,,,,1,0,Retired,1.3,3.39,1.3,3.5,1.32,3.22,1.332,3.71,1.28,3.55
31,Paris,French Open,6/2/06,Grand Slam,Outdoor,Clay,2nd Round,5,Blake J.,Almagro N.,8,41,1925,834,6,7,6,2,6,4,6,4,,,3,1,Completed,3.39,1.3,3.1,1.35,2.92,1.37,3.16,1.424,2.98,1.37
31,Paris,French Open,6/2/06,Grand Slam,Outdoor,Clay,2nd Round,5,Davydenko N.,Moya C.,6,33,2395,905,6,1,7,5,6,3,,,,,3,0,Completed,1.36,3,1.45,2.75,1.45,2.6,1.442,3.06,1.38,2.95
31,Paris,French Open,6/2/06,Grand Slam,Outdoor,Clay,3rd Round,5,Federer R.,Massu N.,1,35,7010,885,6,1,6,2,6,7,7,5,,,3,1,Completed,1.01,12,1.03,12,1.04,14,1.043,19.5,1.03,14
31,Paris,French Open,6/2/06,Grand Slam,Outdoor,Clay,3rd Round,5,Ferrer D.,Chardy J.,15,455,1505,60,6,1,6,4,3,6,6,1,,,3,1,Completed,1.05,8.5,1.05,9,1.05,8.5,1.053,15.9,1.05,10
31,Paris,French Open,6/2/06,Grand Slam,Outdoor,Clay,3rd Round,5,Gaudio G.,Ferrero J.C.,10,27,1745,1145,7,5,7,5,7,6,,,,,3,0,Completed,1.8,1.9,1.9,1.9,1.85,1.9,1.962,1.943,1.8,1.96
31,Paris,French Open,6/2/06,Grand Slam,Outdoor,Clay,3rd Round,5,Monaco J.,Verdasco F.,103,31,413,1005,4,6,6,4,6,4,6,1,,,3,1,Completed,2.62,1.44,2.6,1.48,2.6,1.46,2.89,1.478,3.05,1.36
31,Paris,French Open,6/2/06,Grand Slam,Outdoor,Clay,3rd Round,5,Nadal R.,Kim K.,2,116,4545,370,6,2,6,1,6,4,,,,,3,0,Completed,1,17,1.01,14,1.01,33,1.011,60.5,1.01,50
31,Paris,French Open,6/2/06,Grand Slam,Outdoor,Clay,3rd Round,5,Nalbandian D.,Tursunov D.,3,34,3065,900,2,6,5,7,6,4,6,2,6,4,3,2,Completed,1.08,7,1.1,7,1.1,6.75,1.111,8.75,1.09,6.7
31,Paris,French Open,6/2/06,Grand Slam,Outdoor,Clay,3rd Round,5,Robredo T.,Dlouhy L.,7,86,2020,465,6,1,6,4,6,2,,,,,3,0,Completed,1.08,7,1.08,8,1.08,6.9,1.089,10.25,1.09,6.7
31,Paris,French Open,6/2/06,Grand Slam,Outdoor,Clay,3rd Round,5,Vassallo-Arguello M.,Sluiter R.,181,118,225,367,2,6,6,4,6,3,3,6,6,1,3,2,Completed,1.57,2.25,1.7,2.15,1.65,2.15,1.741,2.25,1.7,2.1
31,Paris,French Open,6/3/06,Grand Slam,Outdoor,Clay,3rd Round,5,Benneteau J.,Stepanek R.,95,11,437,1735,5,7,7,5,7,6,6,3,,,3,1,Completed,4,1.22,4.25,1.22,3.89,1.23,5.2,1.217,4.3,1.2
31,Paris,French Open,6/3/06,Grand Slam,Outdoor,Clay,3rd Round,5,Djokovic N.,Haas T.,63,25,627,1250,7,5,6,1,7,6,,,,,3,0,Completed,1.61,2.2,1.65,2.25,1.55,2.35,1.671,2.39,1.61,2.25
31,Paris,French Open,6/3/06,Grand Slam,Outdoor,Clay,3rd Round,5,Hewitt L.,Hrbaty D.,14,24,1580,1250,7,6,6,2,6,2,,,,,3,0,Completed,1.61,2.2,1.6,2.35,1.6,2.25,1.61,2.54,1.55,2.38
31,Paris,French Open,6/3/06,Grand Slam,Outdoor,Clay,3rd Round,5,Martin A.,Rochus O.,68,30,589,1080,7,5,4,6,6,7,6,1,6,4,3,2,Completed,2.2,1.61,2.1,1.73,2.12,1.67,2.18,1.781,2.15,1.66
31,Paris,French Open,6/3/06,Grand Slam,Outdoor,Clay,3rd Round,5,Nadal R.,Mathieu P.H.,2,32,4545,920,5,7,6,4,6,4,6,4,,,3,1,Completed,1.02,11,1.03,11,1.03,13.5,1.033,23.5,1.04,11
31,Paris,French Open,6/3/06,Grand Slam,Outdoor,Clay,3rd Round,5,Ramirez-Hidalgo R.,Ferrer D.,79,15,525,1505,7,6,7,6,6,4,,,,,3,0,Completed,5,1.14,5.25,1.16,5.2,1.15,6.51,1.164,5.2,1.15
31,Paris,French Open,6/4/06,Grand Slam,Outdoor,Clay,3rd Round,5,Ancic M.,Robredo T.,12,7,1710,2020,6,4,4,6,2,6,6,4,7,5,3,2,Completed,3,1.36,3.1,1.37,3.1,1.35,3.57,1.361,2.97,1.37
31,Paris,French Open,6/4/06,Grand Slam,Outdoor,Clay,3rd Round,5,Davydenko N.,Gaudio G.,6,10,2395,1745,6,3,6,4,3,6,6,3,,,3,1,Completed,1.53,2.37,1.62,2.3,1.6,2.3,1.641,2.46,1.58,2.33
31,Paris,French Open,6/4/06,Grand Slam,Outdoor,Clay,4th Round,5,Federer R.,Berdych T.,1,20,7010,1390,6,3,6,2,6,3,,,,,3,0,Completed,1.06,8,1.1,7,1.11,5.84,1.133,7.84,1.1,7.2
31,Paris,French Open,6/4/06,Grand Slam,Outdoor,Clay,4th Round,5,Ljubicic I.,Monaco J.,4,103,2610,413,4,6,5,7,6,3,6,4,6,2,3,2,Completed,1.33,3.25,1.35,3.2,1.3,3.35,1.435,3.1,1.35,3.05
31,Paris,French Open,6/4/06,Grand Slam,Outdoor,Clay,4th Round,5,Monfils G.,Blake J.,28,8,1100,1925,6,2,6,7,7,6,5,7,6,4,3,2,Completed,3.25,1.33,3.5,1.3,3.1,1.35,3.5,1.37,3.3,1.32
31,Paris,French Open,6/4/06,Grand Slam,Outdoor,Clay,4th Round,5,Nalbandian D.,Vassallo-Arguello M.,3,181,3065,225,6,4,6,4,6,4,,,,,3,0,Completed,1.06,8,1.07,8.5,1.1,6.75,1.098,9.25,1.08,7.8
31,Paris,French Open,6/5/06,Grand Slam,Outdoor,Clay,4th Round,5,Benneteau J.,Martin A.,95,68,437,589,5,1,,,,,,,,,0,0,Retired,2.37,1.53,2.65,1.48,2.75,1.42,2.74,1.529,2.5,1.5
31,Paris,French Open,6/5/06,Grand Slam,Outdoor,Clay,4th Round,5,Djokovic N.,Monfils G.,63,28,627,1100,7,6,7,6,6,3,,,,,3,0,Completed,1.57,2.25,1.53,2.5,1.58,2.28,1.581,2.62,1.57,2.35
31,Paris,French Open,6/5/06,Grand Slam,Outdoor,Clay,4th Round,5,Ljubicic I.,Ramirez-Hidalgo R.,4,79,2610,525,6,3,3,6,6,3,6,2,,,3,1,Completed,1.39,2.75,1.48,2.65,1.5,2.45,1.543,2.72,1.53,2.42
31,Paris,French Open,6/5/06,Grand Slam,Outdoor,Clay,4th Round,5,Nadal R.,Hewitt L.,2,14,4545,1580,6,2,5,7,6,4,6,2,,,3,1,Completed,1.05,8.5,1.06,9,1.05,8.5,1.076,11.65,1.07,8
31,Paris,French Open,6/6/06,Grand Slam,Outdoor,Clay,Quarterfinals,5,Federer R.,Ancic M.,1,12,7010,1710,6,4,6,3,6,4,,,,,3,0,Completed,1.04,9,1.03,12,1.05,8.5,1.05,16,1.05,10
31,Paris,French Open,6/6/06,Grand Slam,Outdoor,Clay,Quarterfinals,5,Nalbandian D.,Davydenko N.,3,6,3065,2395,6,3,6,3,2,6,6,4,,,3,1,Completed,1.53,2.37,1.7,2.15,1.65,2.15,1.662,2.41,1.67,2.15
31,Paris,French Open,6/7/06,Grand Slam,Outdoor,Clay,Quarterfinals,5,Ljubicic I.,Benneteau J.,4,95,2610,437,6,2,6,2,6,3,,,,,3,0,Completed,1.28,3.75,1.33,3.3,1.24,3.81,1.346,3.69,1.29,3.5
31,Paris,French Open,6/7/06,Grand Slam,Outdoor,Clay,Quarterfinals,5,Nadal R.,Djokovic N.,2,63,4545,627,6,4,6,4,0,0,,,,,2,0,Retired,1.04,11,1.05,10,1.05,8.5,1.069,12.46,1.04,12
31,Paris,French Open,6/9/06,Grand Slam,Outdoor,Clay,Semifinals,5,Federer R.,Nalbandian D.,1,3,7010,3065,3,6,6,4,5,2,,,,,1,1,Retired,1.19,4.5,1.22,4.25,1.24,3.81,1.261,4.53,1.26,3.95
31,Paris,French Open,6/9/06,Grand Slam,Outdoor,Clay,Semifinals,5,Nadal R.,Ljubicic I.,2,4,4545,2610,6,4,6,2,7,6,,,,,3,0,Completed,1.06,8.5,1.06,9,1.06,7.79,1.1,9,1.07,8.5
31,Paris,French Open,6/11/06,Grand Slam,Outdoor,Clay,The Final,5,Nadal R.,Federer R.,2,1,4545,7010,1,6,6,1,6,4,7,6,,,3,`1,Completed,1.61,2.25,1.7,2.15,1.65,2.15,1.719,2.29,1.67,2.22
32,Halle,Gerry Weber Open,6/12/06,International,Outdoor,Grass,1st Round,3,Rochus O.,Waske A.,29,89,1120,455,2,6,6,4,6,3,,,,,2,1,Completed,1.39,2.75,1.53,2.45,1.55,2.35,1.556,2.7,1.45,2.65
32,Halle,Gerry Weber Open,6/12/06,International,Outdoor,Grass,1st Round,3,Vliegen K.,Wawrinka S.,42,66,822,598,6,2,6,3,,,,,,,2,0,Completed,1.66,2.1,1.67,2.15,1.65,2.15,1.658,2.42,1.72,2.05
32,Halle,Gerry Weber Open,6/12/06,International,Outdoor,Grass,1st Round,3,Novak J.,Pashanski B.,111,68,385,582,7,5,6,2,,,,,,,2,0,Completed,,,1.35,3.1,,,1.403,3.28,,
32,Halle,Gerry Weber Open,6/12/06,International,Outdoor,Grass,1st Round,3,Nieminen J.,Kohlschreiber P.,18,87,1390,459,7,6,6,4,,,,,,,2,0,Completed,1.61,2.2,1.67,2.15,1.75,2,1.82,2.12,1.7,2.1
32,Halle,Gerry Weber Open,6/12/06,International,Outdoor,Grass,1st Round,3,Seppi A.,Sanguinetti D.,72,64,555,610,7,6,7,5,,,,,,,2,0,Completed,2.5,1.5,2.7,1.45,2.45,1.5,2.68,1.562,2.85,1.4
32,Halle,Gerry Weber Open,6/12/06,International,Outdoor,Grass,1st Round,3,Pavel A.,Baghdatis M.,80,17,494,1429,7,6,6,3,,,,,,,2,0,Completed,2.62,1.44,2.3,1.6,2.35,1.55,2.78,1.524,2.5,1.5
32,Halle,Gerry Weber Open,6/12/06,International,Outdoor,Grass,1st Round,3,Soderling R.,Schuettler R.,50,77,748,518,6,3,7,6,,,,,,,2,0,Completed,1.44,2.62,1.45,2.7,,,1.476,2.9,,
32,Halle,Gerry Weber Open,6/13/06,International,Outdoor,Grass,1st Round,3,Gasquet R.,Bastl G.,51,152,745,280,6,2,6,3,,,,,,,2,0,Completed,1.25,3.5,1.28,3.55,1.2,4.25,1.262,4.51,1.28,3.5
32,Halle,Gerry Weber Open,6/13/06,International,Outdoor,Grass,1st Round,3,Santoro F.,Youzhny M.,49,38,777,830,7,6,6,2,,,,,,,2,0,Completed,2.1,1.66,2,1.77,2.1,1.7,2.09,1.84,1.96,1.8
32,Halle,Gerry Weber Open,6/13/06,International,Outdoor,Grass,1st Round,3,Chiudinelli M.,Rochus C.,450,67,59,585,6,3,6,4,,,,,,,2,0,Completed,1.57,2.25,1.65,2.2,1.6,2.25,1.69,2.35,1.61,2.25
32,Halle,Gerry Weber Open,6/13/06,International,Outdoor,Grass,1st Round,3,Safin M.,Serra F.,90,44,445,806,7,6,6,3,,,,,,,2,0,Completed,1.33,3,1.35,3.1,1.34,3.12,1.333,3.7,1.33,3.15
32,Halle,Gerry Weber Open,6/13/06,International,Outdoor,Grass,1st Round,3,Mayer F.,Phau B.,69,61,578,629,7,5,1,6,7,6,,,,,2,1,Completed,1.44,2.62,1.55,2.4,1.415,2.75,1.571,2.65,1.5,2.5
32,Halle,Gerry Weber Open,6/13/06,International,Outdoor,Grass,1st Round,3,Haas T.,Simon G.,26,47,1175,791,6,4,7,5,,,,,,,2,0,Completed,1.16,4.5,1.2,4.4,1.2,4.25,1.214,5.28,1.2,4.3
32,Halle,Gerry Weber Open,6/13/06,International,Outdoor,Grass,1st Round,3,Berdych T.,Becker B.,15,173,1505,242,6,4,6,3,,,,,,,2,0,Completed,1.22,3.75,1.3,3.4,1.28,3.46,1.27,4.41,1.25,3.75
32,Halle,Gerry Weber Open,6/14/06,International,Outdoor,Grass,1st Round,3,Clement A.,Pless K.,59,140,650,311,7,5,6,3,,,,,,,2,0,Completed,1.33,3,1.4,2.85,,,1.431,3.12,1.33,3.18
32,Halle,Gerry Weber Open,6/14/06,International,Outdoor,Grass,1st Round,3,Federer R.,Bopanna R.,1,267,7035,134,7,6,6,2,,,,,,,2,0,Completed,1,17,1.01,14,1.01,12.5,1.013,56,1.01,40
32,Halle,Gerry Weber Open,6/14/06,International,Outdoor,Grass,2nd Round,3,Vliegen K.,Chiudinelli M.,42,450,822,59,7,6,6,0,,,,,,,2,0,Completed,1.36,3,1.4,2.85,1.35,3.1,1.435,3.1,1.43,2.72
32,Halle,Gerry Weber Open,6/14/06,International,Outdoor,Grass,2nd Round,3,Mayer F.,Nieminen J.,69,18,578,1390,6,4,3,6,6,4,,,,,2,1,Completed,2.25,1.57,2.4,1.55,2.25,1.6,2.6,1.588,2.27,1.6
32,Halle,Gerry Weber Open,6/15/06,International,Outdoor,Grass,2nd Round,3,Santoro F.,Clement A.,49,59,777,650,6,4,7,6,,,,,,,2,0,Completed,1.61,2.2,1.77,2,1.7,2.1,1.813,2.13,1.8,1.96
32,Halle,Gerry Weber Open,6/15/06,International,Outdoor,Grass,2nd Round,3,Soderling R.,Pavel A.,50,80,748,494,4,6,6,3,6,0,,,,,2,1,Completed,1.36,3,1.4,2.85,1.45,2.6,1.433,3.11,1.45,2.66
32,Halle,Gerry Weber Open,6/15/06,International,Outdoor,Grass,2nd Round,3,Berdych T.,Novak J.,15,111,1505,385,6,3,6,7,7,5,,,,,2,1,Completed,1.28,3.5,1.28,3.55,1.21,4.06,1.312,3.91,1.35,3.08
32,Halle,Gerry Weber Open,6/15/06,International,Outdoor,Grass,2nd Round,3,Federer R.,Gasquet R.,1,51,7035,745,7,6,6,7,6,4,,,,,2,1,Completed,1.05,8.5,1.03,11,1.07,7.19,1.059,14.25,1.07,7.5
32,Halle,Gerry Weber Open,6/15/06,International,Outdoor,Grass,2nd Round,3,Rochus O.,Safin M.,29,90,1120,445,4,6,6,4,6,1,,,,,2,1,Completed,2.2,1.61,2.05,1.75,2.25,1.6,2.25,1.741,2.1,1.7
32,Halle,Gerry Weber Open,6/15/06,International,Outdoor,Grass,2nd Round,3,Haas T.,Seppi A.,26,72,1175,555,6,1,6,2,,,,,,,2,0,Completed,1.22,4,1.22,4.1,1.28,3.46,1.287,4.18,1.25,3.75
32,Halle,Gerry Weber Open,6/16/06,International,Outdoor,Grass,Quarterfinals,3,Berdych T.,Santoro F.,15,49,1505,777,7,5,7,6,,,,,,,2,0,Completed,1.44,2.62,1.53,2.45,1.48,2.53,1.495,2.82,1.55,2.38
32,Halle,Gerry Weber Open,6/16/06,International,Outdoor,Grass,Quarterfinals,3,Federer R.,Rochus O.,1,29,7035,1120,6,7,7,6,7,6,,,,,2,1,Completed,1.03,10,1.04,10,1.04,9.25,1.056,14,1.06,8.7
32,Halle,Gerry Weber Open,6/16/06,International,Outdoor,Grass,Quarterfinals,3,Haas T.,Soderling R.,26,50,1175,748,7,5,6,4,,,,,,,2,0,Completed,1.5,2.5,1.65,2.2,1.55,2.35,1.568,2.66,1.62,2.24
32,Halle,Gerry Weber Open,6/16/06,International,Outdoor,Grass,Quarterfinals,3,Vliegen K.,Mayer F.,42,69,822,578,6,3,6,7,6,4,,,,,2,1,Completed,1.72,2,1.77,2,1.75,2.05,1.662,2.41,1.83,1.92
32,Halle,Gerry Weber Open,6/17/06,International,Outdoor,Grass,Semifinals,3,Federer R.,Haas T.,1,26,7035,1175,6,4,6,7,6,3,,,,,2,1,Completed,1.1,6.5,1.11,6.25,1.16,4.79,1.172,6.32,1.1,6.4
32,Halle,Gerry Weber Open,6/17/06,International,Outdoor,Grass,Semifinals,3,Berdych T.,Vliegen K.,15,42,1505,822,6,3,6,2,,,,,,,2,0,Completed,1.39,2.75,1.42,2.8,1.4,2.85,1.4,3.3,1.42,2.75
32,Halle,Gerry Weber Open,6/18/06,International,Outdoor,Grass,The Final,3,Federer R.,Berdych T.,1,15,7035,1505,6,0,6,7,6,2,,,,,2,1,Completed,1.08,7,1.1,6.5,1.1,6.75,1.111,8.75,1.12,6.25
33,Queens Club,Stella Artois,6/12/06,International,Outdoor,Grass,1st Round,3,Bracciali D.,Lopez F.,54,48,699,785,6,1,7,6,,,,,,,2,0,Completed,2,1.72,2.1,1.7,2,1.75,2.21,1.763,1.9,1.8
33,Queens Club,Stella Artois,6/12/06,International,Outdoor,Grass,1st Round,3,Lu Y.H.,Muller G.,119,65,373,603,6,4,7,6,,,,,,,2,0,Completed,2.75,1.39,2.7,1.45,2.45,1.5,2.65,1.571,2.5,1.5
33,Queens Club,Stella Artois,6/12/06,International,Outdoor,Grass,1st Round,3,Reynolds B.,Kunitsyn I.,110,104,392,401,6,4,6,4,,,,,,,2,0,Completed,1.57,2.25,1.65,2.2,1.7,2.1,1.769,2.2,1.6,2.25
33,Queens Club,Stella Artois,6/12/06,International,Outdoor,Grass,1st Round,3,Delgado R.,Dlouhy L.,107,84,395,475,6,4,7,6,,,,,,,2,0,Completed,1.72,2,1.7,2.1,1.75,2,1.806,2.14,1.7,2.1
33,Queens Club,Stella Artois,6/12/06,International,Outdoor,Grass,1st Round,3,Sabau R.,Vik R.,131,73,334,553,6,3,6,3,,,,,,,2,0,Completed,2,1.72,2.1,1.7,2.15,1.65,2.22,1.758,2.15,1.66
33,Queens Club,Stella Artois,6/12/06,International,Outdoor,Grass,1st Round,3,Udomchoke D.,Zib T.,95,125,414,352,3,6,7,5,6,0,,,,,2,1,Completed,1.61,2.2,1.55,2.4,1.6,2.3,1.588,2.6,1.6,2.25
33,Queens Club,Stella Artois,6/12/06,International,Outdoor,Grass,1st Round,3,Gimelstob J.,Sluiter R.,93,92,436,437,7,6,6,2,,,,,,,2,0,Completed,1.72,2,1.83,1.93,1.83,1.91,1.826,2.11,1.8,1.96
33,Queens Club,Stella Artois,6/12/06,International,Outdoor,Grass,1st Round,3,Henman T.,Agassi A.,76,21,520,1325,6,4,6,4,,,,,,,2,0,Completed,1.5,2.5,1.55,2.4,1.55,2.35,1.592,2.59,1.57,2.32
33,Queens Club,Stella Artois,6/12/06,International,Outdoor,Grass,1st Round,3,Dupuis A.,Rusedski G.,163,37,255,830,5,7,6,3,3,2,,,,,1,1,Retired,3.25,1.28,2.85,1.4,3.1,1.35,3.48,1.373,3,1.36
33,Queens Club,Stella Artois,6/12/06,International,Outdoor,Grass,1st Round,3,Vicente F.,Lee M.,118,256,376,139,6,3,6,2,,,,,,,2,0,Completed,2.25,1.57,2.25,1.6,2.35,1.55,2.41,1.662,2.42,1.53
33,Queens Club,Stella Artois,6/12/06,International,Outdoor,Grass,1st Round,3,Dancevic F.,Carlsen K.,127,105,351,399,4,6,6,3,6,3,,,,,2,1,Completed,2.5,1.5,2.4,1.55,2.35,1.55,2.66,1.568,2.25,1.6
33,Queens Club,Stella Artois,6/12/06,International,Outdoor,Grass,1st Round,3,Lee H.T.,Mathieu P.H.,109,34,392,920,7,6,6,7,6,4,,,,,2,1,Completed,2.2,1.61,2.15,1.67,2.4,1.53,2.81,1.498,2.06,1.72
33,Queens Club,Stella Artois,6/12/06,International,Outdoor,Grass,1st Round,3,Monfils G.,Melzer J.,23,79,1245,505,7,6,7,6,,,,,,,2,0,Completed,1.8,1.9,1.88,1.88,1.87,1.87,1.893,2.02,2,1.77
33,Queens Club,Stella Artois,6/12/06,International,Outdoor,Grass,1st Round,3,Verdasco F.,Greul S.,30,85,1035,475,6,3,6,3,,,,,,,2,0,Completed,1.25,3.5,1.25,3.85,1.28,3.46,1.303,4,1.29,3.4
33,Queens Club,Stella Artois,6/13/06,International,Outdoor,Grass,1st Round,3,Fish M.,Baker J.,86,291,461,117,6,1,6,3,,,,,,,2,0,Completed,1.05,8,1.07,8,1.07,7.19,1.097,9.28,1.08,7.3
33,Queens Club,Stella Artois,6/13/06,International,Outdoor,Grass,1st Round,3,Tursunov D.,Bogdanovic A.,33,138,940,313,7,6,6,4,,,,,,,2,0,Completed,1.14,5,1.16,5,1.17,4.67,1.192,5.7,1.15,5.1
33,Queens Club,Stella Artois,6/13/06,International,Outdoor,Grass,1st Round,3,Mahut N.,Benneteau J.,78,55,515,682,6,4,6,1,,,,,,,2,0,Completed,1.72,2,1.62,2.25,1.7,2.1,1.781,2.18,1.7,2.1
33,Queens Club,Stella Artois,6/13/06,International,Outdoor,Grass,1st Round,3,Srichaphan P.,Norman D.,35,117,845,378,6,4,7,6,,,,,,,2,0,Completed,1.57,2.25,1.7,2.1,1.65,2.15,1.746,2.24,1.64,2.2
33,Queens Club,Stella Artois,6/13/06,International,Outdoor,Grass,1st Round,3,Ginepri R.,Goldstein P.,16,63,1475,611,3,6,7,5,6,1,,,,,2,1,Completed,1.53,2.37,1.67,2.15,1.56,2.34,1.671,2.39,1.6,2.25
33,Queens Club,Stella Artois,6/14/06,International,Outdoor,Grass,1st Round,3,Mirnyi M.,Johansson T.,46,19,800,1365,7,6,3,6,7,6,,,,,2,1,Completed,2.25,1.57,2.15,1.67,2.15,1.65,2.48,1.633,2.32,1.57
33,Queens Club,Stella Artois,6/14/06,International,Outdoor,Grass,1st Round,3,Tipsarevic J.,Murray A.,114,45,382,802,7,6,3,6,6,2,,,,,2,1,Completed,3.5,1.25,4.1,1.22,3.75,1.25,4.41,1.27,3.9,1.23
33,Queens Club,Stella Artois,6/14/06,International,Outdoor,Grass,1st Round,3,Grosjean S.,Minar I.,25,103,1175,401,6,3,7,6,,,,,,,2,0,Completed,1.11,6,1.16,5,1.17,4.67,1.161,6.61,1.15,5.15
33,Queens Club,Stella Artois,6/14/06,International,Outdoor,Grass,1st Round,3,Wang Y.T.,Bjorkman J.,94,71,416,558,6,3,6,3,,,,,,,2,0,Completed,2.5,1.5,2.3,1.6,2.3,1.6,2.55,1.606,2.25,1.6
33,Queens Club,Stella Artois,6/14/06,International,Outdoor,Grass,1st Round,3,Philippoussis M.,Moodie W.,176,70,239,561,6,3,6,4,,,,,,,2,0,Completed,2.5,1.5,2.55,1.5,2.6,1.45,2.73,1.546,2.37,1.55
33,Queens Club,Stella Artois,6/13/06,International,Outdoor,Grass,2nd Round,3,Blake J.,Gimelstob J.,7,93,1945,436,7,5,6,1,,,,,,,2,0,Completed,1.33,3.25,1.4,2.85,1.32,3.22,1.37,3.5,1.4,2.85
33,Queens Club,Stella Artois,6/14/06,International,Outdoor,Grass,2nd Round,3,Roddick A.,Dancevic F.,5,127,2380,351,2,6,6,4,6,3,,,,,2,1,Completed,1.06,8,1.08,7.25,1.1,6.25,1.1,9,1.07,7.75
33,Queens Club,Stella Artois,6/14/06,International,Outdoor,Grass,2nd Round,3,Ljubicic I.,Sabau R.,4,131,3055,334,7,6,6,2,,,,,,,2,0,Completed,1.1,6.5,1.12,6,1.13,5.5,1.146,7.25,1.12,6
33,Queens Club,Stella Artois,6/14/06,International,Outdoor,Grass,2nd Round,3,Srichaphan P.,Lu Y.H.,35,119,845,373,6,3,5,7,6,4,,,,,2,1,Completed,1.33,3.25,1.45,2.7,1.3,3.35,1.417,3.2,1.31,3.3
33,Queens Club,Stella Artois,6/14/06,International,Outdoor,Grass,2nd Round,3,Verdasco F.,Lee H.T.,30,109,1035,392,6,2,5,7,6,4,,,,,2,1,Completed,1.61,2.2,1.65,2.2,1.57,2.3,1.704,2.32,1.75,2.02
33,Queens Club,Stella Artois,6/14/06,International,Outdoor,Grass,2nd Round,3,Monfils G.,Reynolds B.,23,110,1245,392,6,1,6,2,,,,,,,2,0,Completed,1.36,3,1.48,2.6,1.38,2.9,1.503,2.84,1.4,2.85
33,Queens Club,Stella Artois,6/14/06,International,Outdoor,Grass,2nd Round,3,Henman T.,Delgado R.,76,107,520,395,6,2,6,4,,,,,,,2,0,Completed,1.07,7.5,1.12,6,1.1,6.25,1.111,8.75,1.12,5.75
33,Queens Club,Stella Artois,6/14/06,International,Outdoor,Grass,2nd Round,3,Gonzalez F.,Dupuis A.,11,163,1740,255,7,6,7,6,,,,,,,2,0,Completed,1.33,3.25,1.45,2.7,1.46,2.6,1.444,3.05,1.34,3.1
33,Queens Club,Stella Artois,6/14/06,International,Outdoor,Grass,2nd Round,3,Tursunov D.,Udomchoke D.,33,95,940,414,6,3,2,6,6,2,,,,,2,1,Completed,1.22,4,1.2,4.4,1.15,4.92,1.236,4.84,1.17,4.75
33,Queens Club,Stella Artois,6/14/06,International,Outdoor,Grass,2nd Round,3,Mahut N.,Stepanek R.,78,12,515,1710,6,4,4,6,6,2,,,,,2,1,Completed,3.25,1.33,3,1.37,3.35,1.3,4.05,1.299,3.07,1.35
33,Queens Club,Stella Artois,6/14/06,International,Outdoor,Grass,2nd Round,3,Ginepri R.,Tipsarevic J.,16,114,1475,382,7,6,6,4,,,,,,,2,0,Completed,,,,,,,,,,
33,Queens Club,Stella Artois,6/14/06,International,Outdoor,Grass,2nd Round,3,Nadal R.,Fish M.,2,86,4545,461,7,6,6,1,,,,,,,2,0,Completed,2,1.72,2.25,1.62,2.25,1.6,2.3,1.714,2.16,1.65
33,Queens Club,Stella Artois,6/14/06,International,Outdoor,Grass,2nd Round,3,Wang Y.T.,Davydenko N.,94,6,416,2195,2,6,6,3,6,1,,,,,2,1,Completed,,,,,,,,,,
33,Queens Club,Stella Artois,6/14/06,International,Outdoor,Grass,2nd Round,3,Philippoussis M.,Grosjean S.,176,25,239,1175,7,6,4,6,6,3,,,,,2,1,Completed,3,1.36,2.8,1.42,,,3.06,1.442,,
33,Queens Club,Stella Artois,6/14/06,International,Outdoor,Grass,2nd Round,3,Mirnyi M.,Bracciali D.,46,54,800,699,6,1,6,3,,,,,,,2,0,Completed,1.66,2.1,,,,,1.794,2.16,,
33,Queens Club,Stella Artois,6/14/06,International,Outdoor,Grass,2nd Round,3,Hewitt L.,Vicente F.,13,118,1690,376,4,6,6,4,6,2,,,,,2,1,Completed,1.05,8.5,1.05,9,1.07,7.19,1.067,13,1.06,8.5
33,Queens Club,Stella Artois,6/15/06,International,Outdoor,Grass,3rd Round,3,Henman T.,Mahut N.,76,78,520,515,6,3,6,4,,,,,,,2,0,Completed,1.18,4.33,1.2,4.4,1.2,4.25,1.215,5.26,1.22,4.05
33,Queens Club,Stella Artois,6/15/06,International,Outdoor,Grass,3rd Round,3,Gonzalez F.,Philippoussis M.,11,176,1740,239,6,2,3,6,6,3,,,,,2,1,Completed,1.66,2.1,1.77,2,1.65,2.15,1.735,2.26,1.75,2.05
33,Queens Club,Stella Artois,6/15/06,International,Outdoor,Grass,3rd Round,3,Tursunov D.,Wang Y.T.,33,94,940,416,6,3,3,6,6,1,,,,,2,1,Completed,1.3,3.39,1.35,3.1,1.25,3.9,1.317,3.85,1.27,3.6
33,Queens Club,Stella Artois,6/15/06,International,Outdoor,Grass,3rd Round,3,Nadal R.,Verdasco F.,2,30,4545,1035,2,6,7,6,7,6,,,,,2,1,Completed,1.25,3.75,1.3,3.4,1.28,3.46,1.316,3.86,1.28,3.5
33,Queens Club,Stella Artois,6/15/06,International,Outdoor,Grass,3rd Round,3,Hewitt L.,Mirnyi M.,13,46,1690,800,4,6,6,1,7,6,,,,,2,1,Completed,1.38,2.87,1.48,2.6,1.4,2.85,1.521,2.79,1.44,2.7
33,Queens Club,Stella Artois,6/15/06,International,Outdoor,Grass,3rd Round,3,Monfils G.,Ljubicic I.,23,4,1245,3055,7,6,7,5,,,,,,,2,0,Completed,2.75,1.39,2.85,1.4,2.75,1.42,3.51,1.369,3.1,1.35
33,Queens Club,Stella Artois,6/15/06,International,Outdoor,Grass,3rd Round,3,Blake J.,Ginepri R.,7,16,1945,1475,6,3,3,6,6,3,,,,,2,1,Completed,1.36,3,1.4,2.85,1.4,2.85,1.441,3.07,1.4,2.85
33,Queens Club,Stella Artois,6/15/06,International,Outdoor,Grass,3rd Round,3,Roddick A.,Srichaphan P.,5,35,2380,845,7,6,6,3,,,,,,,2,0,Completed,1.22,4,1.25,3.85,1.25,3.9,1.282,4.25,1.27,3.6
33,Queens Club,Stella Artois,6/16/06,International,Outdoor,Grass,Quarterfinals,3,Henman T.,Tursunov D.,76,33,520,940,6,3,7,6,,,,,,,2,0,Completed,1.72,2,1.7,2.1,1.8,1.95,1.781,2.18,,
33,Queens Club,Stella Artois,6/16/06,International,Outdoor,Grass,Quarterfinals,3,Blake J.,Monfils G.,7,23,1945,1245,6,1,,,,,,,,,1,0,Retired,,,,,,,,,,
33,Queens Club,Stella Artois,6/16/06,International,Outdoor,Grass,Quarterfinals,3,Hewitt L.,Nadal R.,13,2,1690,4545,3,6,6,3,,,,,,,1,1,Retired,1.57,2.25,1.45,2.7,1.55,2.4,1.549,2.72,1.53,2.44
33,Queens Club,Stella Artois,6/16/06,International,Outdoor,Grass,Quarterfinals,3,Roddick A.,Gonzalez F.,5,11,2380,1740,6,4,6,3,,,,,,,2,0,Completed,1.36,3,1.33,3.2,1.35,3.1,1.408,3.25,1.42,2.78
33,Queens Club,Stella Artois,6/17/06,International,Outdoor,Grass,Semifinals,3,Hewitt L.,Henman T.,13,76,1690,520,6,3,3,6,6,2,,,,,2,1,Completed,1.39,2.75,1.4,2.85,1.44,2.67,1.488,2.85,1.45,2.65
33,Queens Club,Stella Artois,6/17/06,International,Outdoor,Grass,Semifinals,3,Blake J.,Roddick A.,7,5,1945,2380,7,5,6,4,,,,,,,2,0,Completed,3,1.36,3,1.37,3.35,1.3,3.3,1.4,2.95,1.38
33,Queens Club,Stella Artois,6/18/06,International,Outdoor,Grass,The Final,3,Hewitt L.,Blake J.,13,7,1690,1945,6,4,6,4,,,,,,,2,0,Completed,2.1,1.66,1.93,1.83,2.15,1.65,2.1,1.833,2.04,1.75
34,'s-Hertogenbosch,Ordina Open,6/18/06,International,Outdoor,Grass,1st Round,3,Melzer J.,Muller G.,78,64,505,603,6,2,6,2,,,,,,,2,0,Completed,1.53,2.37,1.6,2.3,1.55,2.35,1.649,2.44,1.58,2.3
34,'s-Hertogenbosch,Ordina Open,6/18/06,International,Outdoor,Grass,1st Round,3,Ferrero J.C.,Haase R.,28,381,1130,78,6,4,3,6,6,2,,,,,2,1,Completed,,,,,,,,,,
34,'s-Hertogenbosch,Ordina Open,6/18/06,International,Outdoor,Grass,1st Round,3,Baghdatis M.,Minar I.,17,103,1429,401,3,6,6,3,7,5,,,,,2,1,Completed,1.39,2.75,1.37,3,1.37,2.93,1.415,3.21,1.35,3.05
34,'s-Hertogenbosch,Ordina Open,6/18/06,International,Outdoor,Grass,1st Round,3,Djokovic N.,Waske A.,40,89,827,455,6,7,7,6,7,6,,,,,2,1,Completed,1.53,2.37,1.55,2.41,1.55,2.35,1.575,2.64,1.6,2.25
34,'s-Hertogenbosch,Ordina Open,6/19/06,International,Outdoor,Grass,1st Round,3,Benneteau J.,Sirianni J.,55,541,672,43,6,4,6,4,,,,,,,2,0,Completed,1.28,3.25,1.3,3.4,1.3,3.35,1.377,3.45,1.32,3.24
34,'s-Hertogenbosch,Ordina Open,6/19/06,International,Outdoor,Grass,1st Round,3,Sluiter R.,Vik R.,92,73,437,553,1,6,6,3,6,2,,,,,2,1,Completed,1.5,2.5,1.5,2.55,1.48,2.53,1.467,2.94,1.47,2.59
34,'s-Hertogenbosch,Ordina Open,6/19/06,International,Outdoor,Grass,1st Round,3,Hernych J.,Ledovskikh M.,128,407,333,71,6,0,6,2,,,,,,,2,0,Completed,,,1.5,2.55,,,1.483,2.87,,
34,'s-Hertogenbosch,Ordina Open,6/19/06,International,Outdoor,Grass,1st Round,3,Ancic M.,Qureshi A.,12,440,1730,62,7,6,6,7,7,5,,,,,2,1,Completed,,,1.05,9,1.04,9.25,1.067,13,,
34,'s-Hertogenbosch,Ordina Open,6/19/06,International,Outdoor,Grass,1st Round,3,Lee H.T.,Clement A.,109,56,387,662,6,4,6,4,,,,,,,2,0,Completed,2.1,1.66,2.2,1.65,2.1,1.7,2.24,1.746,2.16,1.66
34,'s-Hertogenbosch,Ordina Open,6/20/06,International,Outdoor,Grass,1st Round,3,Spadea V.,Phau B.,74,59,540,629,4,6,6,1,6,4,,,,,2,1,Completed,1.66,2.1,1.8,2,1.67,2.12,1.775,2.19,1.68,2.12
34,'s-Hertogenbosch,Ordina Open,6/20/06,International,Outdoor,Grass,1st Round,3,Zverev M.,Sanguinetti D.,304,67,108,585,7,6,7,6,,,,,,,2,0,Completed,,,,,,,3.32,1.397,,
34,'s-Hertogenbosch,Ordina Open,6/20/06,International,Outdoor,Grass,1st Round,3,Vliegen K.,Dlouhy L.,35,84,917,475,7,5,6,4,,,,,,,2,0,Completed,1.19,4,1.2,4.4,1.21,4.06,1.249,4.61,1.2,4.3
34,'s-Hertogenbosch,Ordina Open,6/20/06,International,Outdoor,Grass,1st Round,3,Serra F.,Schuettler R.,46,82,800,483,6,4,6,4,,,,,,,2,0,Completed,1.9,1.8,1.93,1.83,1.95,1.8,2.07,1.855,1.9,1.86
34,'s-Hertogenbosch,Ordina Open,6/20/06,International,Outdoor,Grass,1st Round,3,Kohlschreiber P.,Davydenko N.,96,6,424,2195,6,2,6,4,,,,,,,2,0,Completed,2.37,1.53,2.2,1.65,2.28,1.58,2.69,1.559,2.22,1.62
34,'s-Hertogenbosch,Ordina Open,6/20/06,International,Outdoor,Grass,1st Round,3,Santoro F.,Ginepri R.,44,16,807,1480,6,1,3,2,,,,,,,1,0,Retired,1.72,2,1.65,2.2,1.67,2.12,1.752,2.23,1.74,2.04
34,'s-Hertogenbosch,Ordina Open,6/20/06,International,Outdoor,Grass,1st Round,3,Robredo T.,Cilic M.,8,338,1920,96,6,4,6,4,,,,,,,2,0,Completed,1.22,3.75,1.35,3.1,1.28,3.46,1.333,3.7,1.31,3.3
34,'s-Hertogenbosch,Ordina Open,6/21/06,International,Outdoor,Grass,2nd Round,3,Hernych J.,Djokovic N.,128,40,333,827,6,2,6,4,,,,,,,2,0,Completed,2.75,1.39,2.6,1.48,2.4,1.53,2.81,1.515,2.5,1.5
34,'s-Hertogenbosch,Ordina Open,6/21/06,International,Outdoor,Grass,2nd Round,3,Lee H.T.,Zverev M.,109,304,387,108,6,1,6,3,,,,,,,2,0,Completed,1.28,3.5,1.37,3,1.3,3.35,1.327,3.76,1.26,3.66
34,'s-Hertogenbosch,Ordina Open,6/21/06,International,Outdoor,Grass,2nd Round,3,Ferrero J.C.,Melzer J.,28,78,1130,505,4,6,6,3,6,4,,,,,2,1,Completed,1.8,1.9,1.83,1.93,1.85,1.9,1.935,1.971,1.9,1.85
34,'s-Hertogenbosch,Ordina Open,6/21/06,International,Outdoor,Grass,2nd Round,3,Serra F.,Robredo T.,46,8,800,1920,6,1,3,6,6,4,,,,,2,1,Completed,2.62,1.44,2.5,1.5,2.6,1.45,2.96,1.463,2.5,1.5
34,'s-Hertogenbosch,Ordina Open,6/21/06,International,Outdoor,Grass,2nd Round,3,Santoro F.,Vliegen K.,44,35,807,917,2,6,6,1,6,4,,,,,2,1,Completed,1.8,1.9,1.83,1.93,1.95,1.8,1.87,2.05,1.88,1.88
34,'s-Hertogenbosch,Ordina Open,6/21/06,International,Outdoor,Grass,2nd Round,3,Ancic M.,Sluiter R.,12,92,1730,437,6,7,7,5,6,2,,,,,2,1,Completed,1.16,4.5,1.25,3.85,1.25,3.9,1.245,4.68,1.25,3.8
34,'s-Hertogenbosch,Ordina Open,6/21/06,International,Outdoor,Grass,2nd Round,3,Baghdatis M.,Spadea V.,17,74,1429,540,6,2,7,6,,,,,,,2,0,Completed,1.61,2.2,1.62,2.25,1.6,2.3,1.741,2.25,1.7,2.1
34,'s-Hertogenbosch,Ordina Open,6/21/06,International,Outdoor,Grass,2nd Round,3,Kohlschreiber P.,Benneteau J.,96,55,424,672,7,6,7,5,,,,,,,2,0,Completed,1.5,2.5,1.53,2.45,1.55,2.35,1.481,2.88,1.55,2.38
34,'s-Hertogenbosch,Ordina Open,6/22/06,International,Outdoor,Grass,Quarterfinals,3,Hernych J.,Lee H.T.,128,109,333,387,6,4,6,4,,,,,,,2,0,Completed,1.9,1.8,1.93,1.83,1.87,1.87,1.943,1.962,2,1.77
34,'s-Hertogenbosch,Ordina Open,6/22/06,International,Outdoor,Grass,Quarterfinals,3,Serra F.,Ferrero J.C.,46,28,800,1130,6,3,6,7,6,3,,,,,2,1,Completed,2.25,1.57,2.25,1.62,2.1,1.7,2.26,1.735,2.04,1.74
34,'s-Hertogenbosch,Ordina Open,6/22/06,International,Outdoor,Grass,Quarterfinals,3,Ancic M.,Santoro F.,12,44,1730,807,6,4,6,0,,,,,,,2,0,Completed,1.3,3.39,1.35,3.1,1.35,3.1,1.299,4.04,1.35,3.08
34,'s-Hertogenbosch,Ordina Open,6/22/06,International,Outdoor,Grass,Quarterfinals,3,Baghdatis M.,Kohlschreiber P.,17,96,1429,424,6,2,3,0,,,,,,,1,0,Retired,1.61,2.2,1.7,2.1,1.6,2.3,1.714,2.3,1.72,2.07
34,'s-Hertogenbosch,Ordina Open,6/23/06,International,Outdoor,Grass,Semifinals,3,Ancic M.,Baghdatis M.,12,17,1730,1429,7,6,6,3,,,,,,,2,0,Completed,1.36,3,1.35,3.1,1.37,2.92,1.382,3.42,1.35,3.1
34,'s-Hertogenbosch,Ordina Open,6/23/06,International,Outdoor,Grass,Semifinals,3,Hernych J.,Serra F.,128,46,333,800,6,2,7,6,,,,,,,2,0,Completed,1.83,1.83,1.88,1.88,1.87,1.87,2.2,1.769,2.12,1.7
34,'s-Hertogenbosch,Ordina Open,6/24/06,International,Outdoor,Grass,The Final,3,Ancic M.,Hernych J.,12,128,1730,333,6,0,5,7,7,5,,,,,2,1,Completed,1.16,4.5,1.22,4.25,1.17,4.67,1.215,5.26,1.2,4.4
35,Nottingham,Red Letter Days Open,6/19/06,International,Outdoor,Grass,1st Round,3,Hrbaty D.,Wang Y.T.,22,95,1320,431,6,0,6,3,,,,,,,2,0,Completed,1.61,2.2,1.65,2.2,1.73,2.03,1.813,2.13,1.68,2.12
35,Nottingham,Red Letter Days Open,6/19/06,International,Outdoor,Grass,1st Round,3,Seppi A.,Wawrinka S.,72,65,555,598,7,6,4,6,6,4,,,,,2,1,Completed,1.57,2.25,1.57,2.35,1.64,2.17,1.621,2.51,1.63,2.22
35,Nottingham,Red Letter Days Open,6/19/06,International,Outdoor,Grass,1st Round,3,Simon G.,Kunitsyn I.,47,104,791,401,6,4,6,3,,,,,,,2,0,Completed,1.72,2,1.83,1.93,1.8,1.95,1.813,2.13,1.73,2.05
35,Nottingham,Red Letter Days Open,6/19/06,International,Outdoor,Grass,1st Round,3,Tipsarevic J.,Bloomfield R.,108,260,387,136,6,4,3,6,6,3,,,,,2,1,Completed,1.25,3.5,1.3,3.4,1.25,3.9,1.285,4.21,1.25,3.8
35,Nottingham,Red Letter Days Open,6/19/06,International,Outdoor,Grass,1st Round,3,Vacek J.,Johansson T.,245,21,154,1330,7,6,6,7,6,4,,,,,2,1,Completed,3.75,1.22,3.85,1.25,3.35,1.3,4.35,1.274,3.5,1.28
35,Nottingham,Red Letter Days Open,6/19/06,International,Outdoor,Grass,1st Round,3,Srichaphan P.,Udomchoke D.,36,97,845,423,6,3,7,6,,,,,,,2,0,Completed,1.28,3.25,1.35,3.1,1.28,3.46,1.382,3.42,1.31,3.3
35,Nottingham,Red Letter Days Open,6/20/06,International,Outdoor,Grass,1st Round,3,Bjorkman J.,Calleri A.,77,57,523,652,2,6,6,1,6,3,,,,,2,1,Completed,1.5,2.5,1.53,2.45,1.55,2.35,1.575,2.64,1.57,2.33
35,Nottingham,Red Letter Days Open,6/20/06,International,Outdoor,Grass,1st Round,3,Bracciali D.,Almagro N.,53,42,699,818,1,6,6,3,7,6,,,,,2,1,Completed,1.36,2.87,1.33,3.2,1.3,3.35,1.365,3.54,1.31,3.3
35,Nottingham,Red Letter Days Open,6/20/06,International,Outdoor,Grass,1st Round,3,Goldstein P.,Moodie W.,63,71,611,561,6,1,7,5,,,,,,,2,0,Completed,2.37,1.53,2.4,1.55,2.55,1.5,2.73,1.546,2.5,1.5
35,Nottingham,Red Letter Days Open,6/20/06,International,Outdoor,Grass,1st Round,3,Mirnyi M.,Bogdanovic A.,52,134,700,317,4,6,7,6,6,3,,,,,2,1,Completed,1.16,4.5,1.25,3.85,1.2,4.25,1.264,4.49,1.2,4.4
35,Nottingham,Red Letter Days Open,6/20/06,International,Outdoor,Grass,1st Round,3,Lopez F.,Rochus O.,49,29,785,1120,6,3,6,1,,,,,,,2,0,Completed,2.87,1.36,3,1.37,2.75,1.42,3.41,1.383,2.96,1.37
35,Nottingham,Red Letter Days Open,6/20/06,International,Outdoor,Grass,1st Round,3,Soderling R.,Gimelstob J.,48,93,788,436,7,6,6,7,7,6,,,,,2,1,Completed,1.39,2.75,1.4,2.85,1.4,2.85,1.402,3.29,1.44,2.7
35,Nottingham,Red Letter Days Open,6/20/06,International,Outdoor,Grass,1st Round,3,Vanek J.,Mathieu P.H.,91,34,449,920,6,4,6,4,,,,,,,2,0,Completed,4,1.19,3.85,1.25,4.25,1.2,4.41,1.27,4.05,1.22
35,Nottingham,Red Letter Days Open,6/20/06,International,Outdoor,Grass,1st Round,3,Mahut N.,Malisse X.,76,41,527,826,3,6,7,6,7,5,,,,,2,1,Completed,2.5,1.5,2.3,1.6,2.53,1.48,2.6,1.588,2.5,1.5
35,Nottingham,Red Letter Days Open,6/20/06,International,Outdoor,Grass,1st Round,3,Murray A.,Tursunov D.,45,31,802,980,6,4,6,3,,,,,,,2,0,Completed,2.37,1.53,2.2,1.65,2.35,1.55,2.49,1.629,2.18,1.65
35,Nottingham,Red Letter Days Open,6/20/06,International,Outdoor,Grass,1st Round,3,Gasquet R.,Navarro-Pastor I.,66,148,590,280,6,3,3,6,7,5,,,,,2,1,Completed,1.1,6.5,1.12,6,1.1,6.75,1.134,7.75,1.12,6
35,Nottingham,Red Letter Days Open,6/21/06,International,Outdoor,Grass,2nd Round,3,Simon G.,Vacek J.,47,245,791,154,4,6,6,4,6,3,,,,,2,1,Completed,1.72,2,1.88,1.88,1.76,1.99,1.917,1.99,1.77,2
35,Nottingham,Red Letter Days Open,6/21/06,International,Outdoor,Grass,2nd Round,3,Seppi A.,Hrbaty D.,72,22,555,1320,7,5,7,5,,,,,,,2,0,Completed,2.75,1.39,2.6,1.48,2.53,1.48,2.73,1.546,2.55,1.48
35,Nottingham,Red Letter Days Open,6/21/06,International,Outdoor,Grass,2nd Round,3,Bjorkman J.,Vanek J.,77,91,523,449,6,3,6,3,,,,,,,2,0,Completed,1.44,2.62,1.48,2.6,1.5,2.45,1.541,2.75,1.53,2.42
35,Nottingham,Red Letter Days Open,6/21/06,International,Outdoor,Grass,2nd Round,3,Lopez F.,Goldstein P.,49,63,785,611,3,6,6,2,6,3,,,,,2,1,Completed,1.44,2.62,1.45,2.7,1.48,2.53,1.469,2.93,1.5,2.5
35,Nottingham,Red Letter Days Open,6/21/06,International,Outdoor,Grass,2nd Round,3,Murray A.,Mirnyi M.,45,52,802,700,7,6,6,4,,,,,,,2,0,Completed,1.83,1.83,2,1.77,2,1.75,2.06,1.862,2,1.77
35,Nottingham,Red Letter Days Open,6/21/06,International,Outdoor,Grass,2nd Round,3,Gasquet R.,Bracciali D.,66,53,590,699,7,5,6,3,,,,,,,2,0,Completed,1.38,2.87,1.4,2.85,1.37,2.92,1.472,2.92,1.37,3
35,Nottingham,Red Letter Days Open,6/21/06,International,Outdoor,Grass,2nd Round,3,Soderling R.,Mahut N.,48,76,788,527,6,3,6,2,,,,,,,2,0,Completed,1.39,2.75,1.55,2.4,1.5,2.45,1.559,2.69,1.57,2.35
35,Nottingham,Red Letter Days Open,6/21/06,International,Outdoor,Grass,2nd Round,3,Tipsarevic J.,Srichaphan P.,108,36,387,845,7,6,6,7,7,5,,,,,2,1,Completed,3,1.36,2.85,1.4,2.85,1.4,3.07,1.441,3.05,1.35
35,Nottingham,Red Letter Days Open,6/22/06,International,Outdoor,Grass,Quarterfinals,3,Gasquet R.,Simon G.,66,47,590,791,6,3,6,1,,,,,,,2,0,Completed,1.22,4,1.28,3.55,1.25,3.9,1.29,4.15,1.27,3.55
35,Nottingham,Red Letter Days Open,6/22/06,International,Outdoor,Grass,Quarterfinals,3,Soderling R.,Tipsarevic J.,48,108,788,387,7,6,6,4,,,,,,,2,0,Completed,1.33,3.25,1.33,3.2,1.35,3.1,1.375,3.47,1.41,2.8
35,Nottingham,Red Letter Days Open,6/22/06,International,Outdoor,Grass,Quarterfinals,3,Seppi A.,Murray A.,72,45,555,802,7,6,4,6,6,1,,,,,2,1,Completed,3.25,1.33,3.4,1.3,3.1,1.35,3.61,1.356,3,1.36
35,Nottingham,Red Letter Days Open,6/22/06,International,Outdoor,Grass,Quarterfinals,3,Bjorkman J.,Lopez F.,77,49,523,785,6,3,6,4,,,,,,,2,0,Completed,2.5,1.5,2.3,1.6,2.4,1.53,2.44,1.649,2.18,1.65
35,Nottingham,Red Letter Days Open,6/23/06,International,Outdoor,Grass,Semifinals,3,Gasquet R.,Soderling R.,66,48,590,788,7,6,7,6,,,,,,,2,0,Completed,1.5,2.5,1.55,2.4,1.55,2.35,1.637,2.47,1.58,2.35
35,Nottingham,Red Letter Days Open,6/23/06,International,Outdoor,Grass,Semifinals,3,Bjorkman J.,Seppi A.,77,72,523,555,6,3,6,1,,,,,,,2,0,Completed,1.72,2,1.77,2,1.75,2,1.752,2.23,1.77,2
35,Nottingham,Red Letter Days Open,6/24/06,International,Outdoor,Grass,The Final,3,Gasquet R.,Bjorkman J.,66,77,590,523,6,4,6,3,,,,,,,2,0,Completed,1.22,4,1.28,3.65,1.25,3.9,1.296,4.08,1.25,3.8
36,London,Wimbledon,6/27/06,Grand Slam,Outdoor,Grass,1st Round,5,Bjorkman J.,Johansson T.,59,21,638,1330,3,6,7,6,6,1,6,1,,,3,1,Completed,2.37,1.53,2.35,1.6,2.45,1.5,2.58,1.595,2.35,1.57
36,London,Wimbledon,6/27/06,Grand Slam,Outdoor,Grass,1st Round,5,Dlouhy L.,Serra F.,84,36,475,860,4,6,6,3,6,4,7,5,,,3,1,Completed,4.33,1.19,3.65,1.28,3.46,1.28,4.2,1.286,3.9,1.24
36,London,Wimbledon,6/27/06,Grand Slam,Outdoor,Grass,1st Round,5,Nalbandian D.,Moodie W.,3,73,3360,561,6,3,6,4,6,1,,,,,3,0,Completed,1.08,7,1.12,6.25,1.1,6.75,1.151,7.01,1.1,6.6
36,London,Wimbledon,6/27/06,Grand Slam,Outdoor,Grass,1st Round,5,Ancic M.,Almagro N.,10,47,1885,818,7,6,7,5,7,6,,,,,3,0,Completed,1.05,9,1.07,8.5,1.1,6.75,1.077,12,1.06,8.8
36,London,Wimbledon,6/27/06,Grand Slam,Outdoor,Grass,1st Round,5,Clement A.,Portas A.,57,115,662,386,6,3,6,2,6,4,,,,,3,0,Completed,1.06,8,1.08,8,1.07,7.19,1.091,10,1.06,8.5
36,London,Wimbledon,6/27/06,Grand Slam,Outdoor,Grass,1st Round,5,Wang Y.T.,Marach O.,99,96,431,433,6,1,7,6,6,0,,,,,3,0,Completed,1.22,4,1.25,4,1.26,3.59,1.285,4.21,1.25,3.75
36,London,Wimbledon,6/27/06,Grand Slam,Outdoor,Grass,1st Round,5,Sanguinetti D.,Kim K.,69,108,585,403,6,3,7,6,6,1,,,,,3,0,Completed,2.1,1.66,2.15,1.7,2.25,1.6,2.47,1.637,2.15,1.67
36,London,Wimbledon,6/27/06,Grand Slam,Outdoor,Grass,1st Round,5,Blake J.,Pless K.,7,139,2085,311,6,3,7,5,5,7,6,4,,,3,1,Completed,1.04,9,1.08,8,1.06,7.79,1.105,8.5,1.06,8.5
36,London,Wimbledon,6/27/06,Grand Slam,Outdoor,Grass,1st Round,5,Ferrero J.C.,Vicente F.,28,100,1130,430,6,1,6,3,6,2,,,,,3,0,Completed,1.14,5,1.14,5.65,1.13,5.5,1.152,7,1.15,5.1
36,London,Wimbledon,6/27/06,Grand Slam,Outdoor,Grass,1st Round,5,Karanusic R.,Schuettler R.,163,82,253,483,7,6,4,6,6,2,6,1,,,3,1,Completed,1.83,1.83,1.81,2,1.8,1.95,1.813,2.13,1.77,2
36,London,Wimbledon,6/27/06,Grand Slam,Outdoor,Grass,1st Round,5,Santoro F.,Arthurs W.,45,187,822,216,7,6,6,3,3,6,6,1,,,3,1,Completed,1.57,2.25,1.65,2.25,1.6,2.3,1.68,2.37,1.57,2.33
36,London,Wimbledon,6/27/06,Grand Slam,Outdoor,Grass,1st Round,5,Berdych T.,Hernych J.,14,93,1635,448,6,3,6,4,7,5,,,,,3,0,Completed,1.28,3.5,1.33,3.3,1.3,3.35,1.337,3.77,1.35,3.1
36,London,Wimbledon,6/27/06,Grand Slam,Outdoor,Grass,1st Round,5,Youzhny M.,Starace P.,41,76,830,539,6,0,6,4,6,1,,,,,3,0,Completed,1.12,5.5,1.16,5.25,1.15,5.2,1.187,5.85,1.16,4.9
36,London,Wimbledon,6/27/06,Grand Slam,Outdoor,Grass,1st Round,5,Kunitsyn I.,Monfils G.,105,23,406,1285,5,7,7,6,6,3,6,4,,,3,1,Completed,4.5,1.16,5,1.17,4.25,1.2,5.76,1.19,4.6,1.18
36,London,Wimbledon,6/27/06,Grand Slam,Outdoor,Grass,1st Round,5,Henman T.,Soderling R.,64,37,615,858,6,7,6,3,6,2,1,6,6,3,3,2,Completed,1.5,2.5,1.6,2.35,1.58,2.28,1.565,2.67,1.57,2.4
36,London,Wimbledon,6/27/06,Grand Slam,Outdoor,Grass,1st Round,5,Vliegen K.,Novak J.,34,110,927,400,6,4,7,5,6,2,,,,,3,0,Completed,1.39,2.75,1.35,3.2,1.35,3.1,1.402,3.29,1.36,3.05
36,London,Wimbledon,6/27/06,Grand Slam,Outdoor,Grass,1st Round,5,Calleri A.,Srichaphan P.,58,38,652,845,6,7,7,5,6,3,3,6,6,2,3,2,Completed,4.33,1.19,4.55,1.2,5.19,1.14,5.44,1.207,4.05,1.22
36,London,Wimbledon,6/27/06,Grand Slam,Outdoor,Grass,1st Round,5,Federer R.,Gasquet R.,1,50,7260,760,6,3,6,2,6,2,,,,,3,0,Completed,1.05,9,1.05,10,1.08,6.92,1.068,12.7,1.07,8.3
36,London,Wimbledon,6/27/06,Grand Slam,Outdoor,Grass,1st Round,5,Philippoussis M.,Mathieu P.H.,210,35,184,920,5,7,7,6,6,3,7,6,,,3,1,Completed,1.57,2.25,1.6,2.35,1.45,2.6,1.617,2.52,1.5,2.5
36,London,Wimbledon,6/27/06,Grand Slam,Outdoor,Grass,1st Round,5,Wawrinka S.,Karlovic I.,67,60,598,631,7,6,3,6,6,2,6,7,11,9,3,2,Completed,4,1.22,3.65,1.28,3.22,1.32,3.94,1.309,3.75,1.25
36,London,Wimbledon,6/27/06,Grand Slam,Outdoor,Grass,1st Round,5,Malisse X.,Dorsch B.,43,181,826,222,6,2,7,5,6,2,,,,,3,0,Completed,1.14,5,1.13,6,1.15,5.2,1.192,5.71,1.14,5.4
36,London,Wimbledon,6/27/06,Grand Slam,Outdoor,Grass,1st Round,5,Djokovic N.,Goldstein P.,39,65,841,611,6,3,6,2,7,6,,,,,3,0,Completed,1.39,2.75,1.45,2.75,1.5,2.45,1.441,3.07,1.46,2.62
36,London,Wimbledon,6/27/06,Grand Slam,Outdoor,Grass,1st Round,5,Stepanek R.,Dancevic F.,13,125,1710,361,7,6,6,3,6,4,,,,,3,0,Completed,1.25,3.75,1.25,4,1.26,3.59,1.273,4.36,1.26,3.7
36,London,Wimbledon,6/27/06,Grand Slam,Outdoor,Grass,1st Round,5,Mahut N.,Melzer J.,77,78,530,505,6,7,7,5,6,1,6,4,,,3,1,Completed,2.25,1.57,2.25,1.65,2.34,1.56,2.48,1.633,2.18,1.65
36,London,Wimbledon,6/27/06,Grand Slam,Outdoor,Grass,1st Round,5,Mirnyi M.,Ramirez-Hidalgo R.,53,62,710,625,6,7,6,4,6,3,6,3,,,3,1,Completed,1.08,7,1.08,8,1.1,6.75,1.1,9,1.1,6.5
36,London,Wimbledon,6/27/06,Grand Slam,Outdoor,Grass,1st Round,5,Becker B.,Chela J.I.,161,48,256,815,6,3,3,6,6,3,6,4,,,3,1,Completed,1.66,2.1,1.6,2.35,1.6,2.3,1.68,2.37,1.65,2.18
36,London,Wimbledon,6/27/06,Grand Slam,Outdoor,Grass,1st Round,5,Bloomfield R.,Berlocq C.,259,89,140,456,6,1,6,2,6,2,,,,,3,0,Completed,1.14,5,1.25,3.95,1.17,4.67,1.2,5.5,1.16,4.8
36,London,Wimbledon,6/27/06,Grand Slam,Outdoor,Grass,1st Round,5,Haas T.,Vanek J.,24,92,1250,449,7,6,7,5,6,4,,,,,3,0,Completed,1.06,8,1.06,9,1.06,7.79,1.071,12,1.08,7.4
36,London,Wimbledon,6/27/06,Grand Slam,Outdoor,Grass,1st Round,5,Robredo T.,Greul S.,8,85,1920,475,6,2,6,2,5,7,7,6,,,3,1,Completed,1.14,5,1.15,5.4,1.15,5.2,1.167,6.4,1.14,5.4
36,London,Wimbledon,6/27/06,Grand Slam,Outdoor,Grass,1st Round,5,Galvani S.,Waske A.,141,90,308,455,4,6,7,6,6,4,3,6,16,14,3,2,Completed,2.5,1.5,2.65,1.48,2.35,1.55,2.7,1.556,2.5,1.5
36,London,Wimbledon,6/27/06,Grand Slam,Outdoor,Grass,1st Round,5,Verdasco F.,Spadea V.,30,75,1045,540,3,6,6,4,7,6,6,3,,,3,1,Completed,1.44,2.62,1.4,2.95,1.46,2.6,1.413,3.22,1.45,2.65
36,London,Wimbledon,6/27/06,Grand Slam,Outdoor,Grass,1st Round,5,Agassi A.,Pashanski B.,20,71,1330,582,2,6,6,2,6,4,6,3,,,3,1,Completed,1.1,6.5,1.12,6.25,1.15,5.2,1.154,6.91,1.1,6.5
36,London,Wimbledon,6/27/06,Grand Slam,Outdoor,Grass,1st Round,5,Nadal R.,Bogdanovic A.,2,135,4545,318,6,4,7,6,6,4,,,,,3,0,Completed,1.04,10,1.08,8,1.1,6.75,1.1,9,1.07,8
36,London,Wimbledon,6/27/06,Grand Slam,Outdoor,Grass,1st Round,5,Safin M.,Rusedski G.,87,40,465,830,6,4,6,4,6,4,,,,,3,0,Completed,1.5,2.5,1.57,2.4,1.42,2.75,1.543,2.74,1.44,2.7
36,London,Wimbledon,6/27/06,Grand Slam,Outdoor,Grass,1st Round,5,Gonzalez F.,Horna L.,11,52,1755,732,7,6,7,5,6,2,,,,,3,0,Completed,1.1,6.5,1.12,6.25,1.1,6.75,1.095,9.5,1.1,6.5
36,London,Wimbledon,6/27/06,Grand Slam,Outdoor,Grass,1st Round,5,Delgado J.,Berrer M.,447,116,61,384,6,4,6,2,3,6,3,6,6,3,3,2,Completed,2.2,1.61,2.45,1.53,2.55,1.5,2.5,1.625,2.4,1.54
36,London,Wimbledon,6/27/06,Grand Slam,Outdoor,Grass,1st Round,5,Kendrick R.,Lu Y.H.,237,119,163,378,7,6,6,3,6,0,,,,,3,0,Completed,2.1,1.66,2.05,1.77,2.05,1.75,2.1,1.833,2,1.77
36,London,Wimbledon,6/27/06,Grand Slam,Outdoor,Grass,1st Round,5,Rochus O.,Muller G.,29,66,1120,603,6,4,7,5,6,3,,,,,3,0,Completed,1.28,3.5,1.25,4,1.25,3.9,1.269,4.42,1.24,3.85
36,London,Wimbledon,6/27/06,Grand Slam,Outdoor,Grass,1st Round,5,Bracciali D.,Hrbaty D.,54,22,699,1320,6,2,6,4,6,4,,,,,3,0,Completed,1.72,2,1.73,2.1,1.6,2.25,1.763,2.21,1.72,2.05
36,London,Wimbledon,6/27/06,Grand Slam,Outdoor,Grass,1st Round,5,Seppi A.,Baker J.,68,295,590,118,6,3,6,7,6,4,6,3,,,3,1,Completed,1.22,4,1.17,5,1.15,5.2,1.202,5.56,1.17,4.8
36,London,Wimbledon,6/27/06,Grand Slam,Outdoor,Grass,1st Round,5,Murray A.,Massu N.,44,33,826,955,6,1,6,4,6,4,,,,,3,0,Completed,1.33,3.25,1.35,3.2,1.37,2.92,1.324,3.79,1.33,3.2
36,London,Wimbledon,6/27/06,Grand Slam,Outdoor,Grass,1st Round,5,Kohlschreiber P.,Sabau R.,88,131,459,332,6,2,6,2,6,4,,,,,3,0,Completed,1.33,3.25,1.33,3.3,1.35,3.1,1.324,3.79,1.36,3
36,London,Wimbledon,6/28/06,Grand Slam,Outdoor,Grass,1st Round,5,Nieminen J.,Daniel M.,18,80,1390,497,6,2,6,4,7,5,,,,,3,0,Completed,1.1,6.5,1.1,7,1.13,5.5,1.13,8,1.1,6.5
36,London,Wimbledon,6/28/06,Grand Slam,Outdoor,Grass,1st Round,5,Martin A.,di Mauro A.,51,83,734,479,6,3,6,4,6,1,,,,,3,0,Completed,1.44,2.62,1.45,2.75,1.42,2.75,1.452,3.01,1.48,2.55
36,London,Wimbledon,6/28/06,Grand Slam,Outdoor,Grass,1st Round,5,Gaudio G.,Faurel J.C.,12,145,1745,293,7,5,3,6,6,2,6,4,,,3,1,Completed,1.44,2.62,1.57,2.4,1.53,2.4,1.578,2.63,1.55,2.38
36,London,Wimbledon,6/28/06,Grand Slam,Outdoor,Grass,1st Round,5,Labadze I.,Peya A.,166,207,249,190,6,4,4,6,5,7,6,3,6,1,3,2,Completed,1.83,1.83,,,1.8,1.95,2.09,1.84,,
36,London,Wimbledon,6/28/06,Grand Slam,Outdoor,Grass,1st Round,5,van Gemerden M.,Goodall J.,106,398,404,76,6,4,7,5,7,5,,,,,3,0,Completed,2.5,1.5,2.45,1.53,2.35,1.55,2.4,1.667,2.33,1.57
36,London,Wimbledon,6/28/06,Grand Slam,Outdoor,Grass,1st Round,5,Fish M.,Ginepri R.,86,17,471,1480,6,3,6,2,6,4,,,,,3,0,Completed,1.66,2.1,1.62,2.3,1.65,2.2,1.758,2.22,1.55,2.38
36,London,Wimbledon,6/28/06,Grand Slam,Outdoor,Grass,1st Round,5,Lee M.,Norman D.,252,118,149,378,6,2,7,6,7,6,,,,,3,0,Completed,3.25,1.33,3.5,1.3,3.63,1.27,3.85,1.317,3.5,1.28
36,London,Wimbledon,6/28/06,Grand Slam,Outdoor,Grass,1st Round,5,Gimelstob J.,Rochus C.,95,70,436,585,6,3,6,4,6,4,,,,,3,0,Completed,1.28,3.5,1.3,3.5,1.25,3.9,1.287,4.19,1.22,4
36,London,Wimbledon,6/28/06,Grand Slam,Outdoor,Grass,1st Round,5,Ljubicic I.,Lopez F.,4,49,3055,810,6,3,6,4,5,7,3,6,11,9,3,2,Completed,1.36,3,1.48,2.65,1.5,2.45,1.45,3.02,1.44,2.72
36,London,Wimbledon,6/28/06,Grand Slam,Outdoor,Grass,1st Round,5,Tursunov D.,Udomchoke D.,31,97,980,432,6,1,6,4,6,2,,,,,3,0,Completed,1.14,5,1.2,4.55,1.14,5.19,1.192,5.7,1.18,4.6
36,London,Wimbledon,6/28/06,Grand Slam,Outdoor,Grass,1st Round,5,Ferrer D.,Stadler S.,19,265,1330,135,6,1,6,4,6,4,,,,,3,0,Completed,1.39,2.75,1.45,2.75,1.48,2.53,1.437,3.09,1.43,2.73
36,London,Wimbledon,6/28/06,Grand Slam,Outdoor,Grass,1st Round,5,Benneteau J.,Phau B.,55,61,682,629,5,7,6,4,6,2,7,6,,,3,1,Completed,1.57,2.25,1.53,2.5,1.55,2.35,1.549,2.72,1.57,2.33
36,London,Wimbledon,6/28/06,Grand Slam,Outdoor,Grass,1st Round,5,Baghdatis M.,Mackin A.,16,367,1494,86,6,4,6,7,6,7,7,5,6,2,3,2,Completed,1.07,7.5,1.1,7,1.07,7.19,1.089,10.25,1.1,6.6
36,London,Wimbledon,6/28/06,Grand Slam,Outdoor,Grass,1st Round,5,Falla A.,Davydenko N.,127,6,343,2195,2,6,7,6,7,6,6,3,,,3,1,Completed,2.75,1.39,2.4,1.57,2.6,1.45,2.75,1.541,2.55,1.48
36,London,Wimbledon,6/28/06,Grand Slam,Outdoor,Grass,1st Round,5,Mayer F.,Vik R.,63,74,618,553,6,3,6,3,6,3,,,,,3,0,Completed,1.33,3.25,1.33,3.3,1.37,2.92,1.328,3.75,1.35,3.1
36,London,Wimbledon,6/28/06,Grand Slam,Outdoor,Grass,1st Round,5,Zib T.,Montanes A.,126,114,352,389,6,3,6,4,7,6,,,,,3,0,Completed,1.44,2.62,1.48,2.65,1.45,2.65,1.524,2.78,1.45,2.65
36,London,Wimbledon,6/28/06,Grand Slam,Outdoor,Grass,1st Round,5,Pavel A.,Granollers M.,79,218,499,177,7,6,6,4,6,4,,,,,3,0,Completed,1.36,3,1.4,2.95,1.35,3.1,1.403,3.28,1.33,3.2
36,London,Wimbledon,6/28/06,Grand Slam,Outdoor,Grass,1st Round,5,Grosjean S.,Simon G.,26,46,1180,822,6,4,6,2,6,4,,,,,3,0,Completed,1.16,4.5,1.18,4.55,1.2,4.35,1.182,6,1.2,4.3
36,London,Wimbledon,6/28/06,Grand Slam,Outdoor,Grass,1st Round,5,Garcia-Lopez G.,Minar I.,91,109,453,401,7,6,4,6,7,6,6,2,,,3,1,Completed,1.9,1.8,2.05,1.77,1.95,1.8,2.29,1.719,2,1.77
36,London,Wimbledon,6/28/06,Grand Slam,Outdoor,Grass,1st Round,5,Roddick A.,Tipsarevic J.,5,101,2430,427,6,7,6,4,7,6,6,2,,,3,1,Completed,1.06,8,1.1,7,1.1,6.75,1.085,10.75,1.1,6.5
36,London,Wimbledon,6/28/06,Grand Slam,Outdoor,Grass,1st Round,5,Hewitt L.,Volandri F.,9,56,1900,676,6,1,6,1,6,3,,,,,3,0,Completed,1.01,15,1.02,14,1.04,9.25,1.023,32.42,1.03,12
36,London,Wimbledon,6/28/06,Grand Slam,Outdoor,Grass,1st Round,5,Lee H.T.,Saretta F.,102,112,422,393,7,6,6,3,7,5,,,,,3,0,Completed,1.28,3.5,1.33,3.3,1.35,3.1,1.297,4.07,1.29,3.45
36,London,Wimbledon,6/28/06,Grand Slam,Outdoor,Grass,2nd Round,5,Nalbandian D.,Clement A.,3,57,3360,662,6,4,6,4,6,3,,,,,3,0,Completed,1.08,7,1.11,6.5,1.1,6.75,1.083,11,1.11,6.4
36,London,Wimbledon,6/28/06,Grand Slam,Outdoor,Grass,2nd Round,5,Stepanek R.,Malisse X.,13,43,1710,826,6,3,6,7,7,5,6,1,,,3,1,Completed,1.72,2,1.9,1.9,1.85,1.9,1.943,1.962,1.77,2
36,London,Wimbledon,6/28/06,Grand Slam,Outdoor,Grass,2nd Round,5,Ferrero J.C.,Karanusic R.,28,163,1130,253,6,3,7,6,6,3,,,,,3,0,Completed,1.3,3.39,1.25,4,1.24,3.81,1.304,3.99,1.28,3.5
36,London,Wimbledon,6/28/06,Grand Slam,Outdoor,Grass,2nd Round,5,Ancic M.,Sanguinetti D.,10,69,1885,585,6,4,6,2,6,1,,,,,3,0,Completed,1.06,8,1.08,8,1.1,6.75,1.07,12.83,1.1,6.5
36,London,Wimbledon,6/28/06,Grand Slam,Outdoor,Grass,2nd Round,5,Blake J.,Wang Y.T.,7,99,2085,431,6,4,6,2,4,6,6,2,,,3,1,Completed,1.1,6.5,1.1,7,1.11,5.84,1.156,6.8,1.12,5.8
36,London,Wimbledon,6/28/06,Grand Slam,Outdoor,Grass,2nd Round,5,Mahut N.,Vliegen K.,77,34,530,927,6,4,6,4,6,3,,,,,3,0,Completed,2.5,1.5,2.35,1.6,2.6,1.45,2.61,1.585,2.5,1.5
36,London,Wimbledon,6/28/06,Grand Slam,Outdoor,Grass,2nd Round,5,Wawrinka S.,Calleri A.,67,58,598,652,7,6,7,5,6,3,,,,,3,0,Completed,1.83,1.83,2.05,1.77,1.8,1.95,2.07,1.855,2,1.8
36,London,Wimbledon,6/28/06,Grand Slam,Outdoor,Grass,2nd Round,5,Haas T.,Bloomfield R.,24,259,1250,140,6,3,6,4,7,6,,,,,3,0,Completed,1.06,8,1.06,9,1.07,7.19,1.071,12,1.06,8.5
36,London,Wimbledon,6/28/06,Grand Slam,Outdoor,Grass,2nd Round,5,Youzhny M.,Kunitsyn I.,41,105,830,406,6,3,6,1,3,0,,,,,2,0,Retired,1.36,3,1.3,3.5,1.3,3.35,1.369,3.51,1.32,3.25
36,London,Wimbledon,6/28/06,Grand Slam,Outdoor,Grass,2nd Round,5,Mirnyi M.,Philippoussis M.,53,210,710,184,7,6,6,4,6,7,6,3,,,3,1,Completed,1.72,2,1.85,1.95,1.9,1.85,1.952,1.952,2.05,1.75
36,London,Wimbledon,6/28/06,Grand Slam,Outdoor,Grass,2nd Round,5,Verdasco F.,Becker B.,30,161,1045,256,6,4,6,7,4,6,6,3,9,7,3,2,Completed,1.28,3.5,1.25,4,1.25,3.9,1.298,4.06,1.28,3.5
36,London,Wimbledon,6/28/06,Grand Slam,Outdoor,Grass,2nd Round,5,Federer R.,Henman T.,1,64,7260,615,6,4,6,0,6,2,,,,,3,0,Completed,1.03,11,1.04,11,1.02,11.5,1.042,20,1.02,15
36,London,Wimbledon,6/29/06,Grand Slam,Outdoor,Grass,2nd Round,5,Kohlschreiber P.,Falla A.,88,127,459,343,6,4,6,4,3,6,7,6,,,3,1,Completed,1.36,3,1.37,3.1,1.335,3.115,1.372,3.49,1.35,3.1
36,London,Wimbledon,6/29/06,Grand Slam,Outdoor,Grass,2nd Round,5,Nieminen J.,Lee M.,18,252,1390,149,6,4,6,0,6,3,,,,,3,0,Completed,1.12,5.5,1.11,6.5,1.15,5.2,1.139,7.5,1.1,6.6
36,London,Wimbledon,6/29/06,Grand Slam,Outdoor,Grass,2nd Round,5,Nadal R.,Kendrick R.,2,237,4545,163,6,7,3,6,7,6,7,5,6,4,3,2,Completed,1.04,10,1.05,10,1.07,7.19,1.07,12.75,1.05,10
36,London,Wimbledon,6/29/06,Grand Slam,Outdoor,Grass,2nd Round,5,Agassi A.,Seppi A.,20,68,1330,590,6,4,7,6,6,4,,,,,3,0,Completed,1.44,2.62,1.48,2.65,1.48,2.53,1.476,2.9,1.48,2.6
36,London,Wimbledon,6/29/06,Grand Slam,Outdoor,Grass,2nd Round,5,Bracciali D.,Galvani S.,54,141,699,308,6,3,6,7,6,3,6,4,,,3,1,Completed,1.22,4,1.22,4.25,,,1.229,4.96,1.2,4.3
36,London,Wimbledon,6/29/06,Grand Slam,Outdoor,Grass,2nd Round,5,Labadze I.,Gaudio G.,166,12,249,1745,6,4,6,2,6,3,,,,,3,0,Completed,3.39,1.28,,,2.35,1.55,2.4,1.667,2.33,1.57
36,London,Wimbledon,6/29/06,Grand Slam,Outdoor,Grass,2nd Round,5,Bjorkman J.,Dlouhy L.,59,84,638,475,6,3,6,4,4,6,1,6,6,4,3,2,Completed,1.3,3.39,1.33,3.3,1.32,3.22,1.308,3.95,1.33,3.25
36,London,Wimbledon,6/29/06,Grand Slam,Outdoor,Grass,2nd Round,5,Berdych T.,Santoro F.,14,45,1635,822,6,4,6,7,2,6,7,6,6,4,3,2,Completed,1.28,3.5,1.25,4,1.21,4.06,1.244,4.7,1.27,3.6
36,London,Wimbledon,6/29/06,Grand Slam,Outdoor,Grass,2nd Round,5,Djokovic N.,Robredo T.,39,8,841,1920,7,6,6,2,6,4,,,,,3,0,Completed,1.72,2,1.73,2.1,1.8,1.95,1.746,2.24,1.86,1.9
36,London,Wimbledon,6/29/06,Grand Slam,Outdoor,Grass,2nd Round,5,Fish M.,van Gemerden M.,86,106,471,404,6,2,6,0,6,1,,,,,3,0,Completed,1.06,8,1.05,10,1.1,6.75,1.077,11.5,1.08,7.6
36,London,Wimbledon,6/29/06,Grand Slam,Outdoor,Grass,2nd Round,5,Baghdatis M.,Pavel A.,16,79,1494,499,3,0,,,,,,,,,0,0,Retired,2.2,1.61,2.4,1.55,2.35,1.55,2.52,1.617,2.33,1.57
36,London,Wimbledon,6/29/06,Grand Slam,Outdoor,Grass,2nd Round,5,Grosjean S.,Delgado J.,26,447,1180,61,6,3,3,6,6,2,6,3,,,3,1,Completed,1.05,9,1.05,10,1.05,8.5,1.063,14,1.04,12
36,London,Wimbledon,6/29/06,Grand Slam,Outdoor,Grass,2nd Round,5,Gonzalez F.,Safin M.,11,87,1755,465,4,6,6,7,6,4,6,4,6,4,3,2,Completed,2.25,1.57,2.3,1.62,2.45,1.5,2.53,1.613,2.22,1.63
36,London,Wimbledon,6/29/06,Grand Slam,Outdoor,Grass,2nd Round,5,Ljubicic I.,Gimelstob J.,4,95,3055,436,6,3,7,6,7,5,,,,,3,0,Completed,1.19,4.33,1.22,4.25,1.25,3.9,1.29,4.15,1.24,3.85
36,London,Wimbledon,6/29/06,Grand Slam,Outdoor,Grass,2nd Round,5,Tursunov D.,Martin A.,31,51,980,734,6,1,7,5,6,4,,,,,3,0,Completed,1.1,6.5,1.1,7,1.1,6.75,1.098,9.25,1.1,6.6
36,London,Wimbledon,6/29/06,Grand Slam,Outdoor,Grass,2nd Round,5,Rochus O.,Zib T.,29,126,1120,352,6,1,6,1,6,0,,,,,3,0,Completed,1.12,5.5,1.11,6.5,1.13,5.5,1.13,8,1.1,6.6
36,London,Wimbledon,6/29/06,Grand Slam,Outdoor,Grass,2nd Round,5,Ferrer D.,Garcia-Lopez G.,19,91,1330,453,7,6,7,5,6,3,,,,,3,0,Completed,1.9,1.8,1.9,1.9,1.87,1.87,2.05,1.87,2,1.77
36,London,Wimbledon,6/29/06,Grand Slam,Outdoor,Grass,2nd Round,5,Roddick A.,Mayer F.,5,63,2430,618,6,4,6,1,6,2,,,,,3,0,Completed,1.1,6.5,1.1,7,1.1,6.75,1.152,7,1.14,5.4
36,London,Wimbledon,6/30/06,Grand Slam,Outdoor,Grass,2nd Round,5,Hewitt L.,Lee H.T.,9,102,1900,422,6,7,6,2,7,6,6,7,6,4,3,2,Completed,1.03,11,1.04,11,1.04,9.25,1.033,23.5,1.31,3.3
36,London,Wimbledon,6/30/06,Grand Slam,Outdoor,Grass,2nd Round,5,Murray A.,Benneteau J.,44,55,826,682,7,6,6,4,4,6,6,1,,,3,1,Completed,1.22,4,1.22,4.25,1.25,3.9,1.23,4.95,1.16,4.9
36,London,Wimbledon,6/30/06,Grand Slam,Outdoor,Grass,3rd Round,5,Verdasco F.,Nalbandian D.,30,3,1045,3360,7,6,7,6,6,2,,,,,3,0,Completed,7,1.08,6.25,1.12,5.5,1.13,7.38,1.141,5.85,1.12
36,London,Wimbledon,6/30/06,Grand Slam,Outdoor,Grass,3rd Round,5,Bjorkman J.,Bracciali D.,59,54,638,699,7,5,6,2,6,1,,,,,3,0,Completed,2.2,1.61,2.4,1.57,2.53,1.48,2.3,1.714,2.27,1.6
36,London,Wimbledon,6/30/06,Grand Slam,Outdoor,Grass,3rd Round,5,Djokovic N.,Youzhny M.,39,41,841,830,4,6,6,2,6,3,6,3,,,3,1,Completed,1.44,2.62,1.6,2.35,1.55,2.35,1.565,2.67,1.56,2.34
36,London,Wimbledon,6/30/06,Grand Slam,Outdoor,Grass,3rd Round,5,Mirnyi M.,Blake J.,53,7,710,2085,6,4,3,6,4,6,6,1,6,0,3,2,Completed,3.25,1.33,3.1,1.37,3.1,1.35,3.35,1.392,3,1.37
36,London,Wimbledon,6/30/06,Grand Slam,Outdoor,Grass,3rd Round,5,Federer R.,Mahut N.,1,77,7260,530,6,3,7,6,6,4,,,,,3,0,Completed,1,15,1.01,16,1.01,24,1.011,61,1.01,50
36,London,Wimbledon,6/30/06,Grand Slam,Outdoor,Grass,3rd Round,5,Stepanek R.,Ferrero J.C.,13,28,1710,1130,5,7,6,7,6,4,6,2,11,9,3,2,Completed,1.5,2.5,1.5,2.6,1.5,2.55,1.549,2.72,1.45,2.65
36,London,Wimbledon,6/30/06,Grand Slam,Outdoor,Grass,3rd Round,5,Berdych T.,Haas T.,14,24,1635,1250,2,6,7,5,7,6,4,6,8,6,3,2,Completed,2,1.72,2.05,1.77,2.2,1.65,2.09,1.84,1.98,1.78
36,London,Wimbledon,7/1/06,Grand Slam,Outdoor,Grass,3rd Round,5,Nadal R.,Agassi A.,2,20,4545,1330,7,6,6,2,6,4,,,,,3,0,Completed,1.39,2.75,1.45,2.75,1.48,2.53,1.461,2.97,1.48,2.57
36,London,Wimbledon,7/1/06,Grand Slam,Outdoor,Grass,3rd Round,5,Tursunov D.,Ljubicic I.,31,4,980,3055,5,7,4,6,6,1,7,6,6,2,3,2,Completed,2.2,1.61,2.15,1.7,2.1,1.7,2.44,1.649,2.2,1.64
36,London,Wimbledon,7/1/06,Grand Slam,Outdoor,Grass,3rd Round,5,Ferrer D.,Gonzalez F.,19,11,1330,1755,4,6,2,6,6,2,6,3,6,4,3,2,Completed,4,1.22,4.25,1.22,3.65,1.26,4.55,1.26,3.5,1.29
36,London,Wimbledon,7/1/06,Grand Slam,Outdoor,Grass,3rd Round,5,Hewitt L.,Rochus O.,9,29,1900,1120,6,1,6,4,6,4,,,,,3,0,Completed,1.33,3.25,1.33,3.3,1.32,3.22,1.385,3.4,1.39,3
36,London,Wimbledon,7/1/06,Grand Slam,Outdoor,Grass,3rd Round,5,Labadze I.,Fish M.,166,86,249,471,6,2,,0,,,,,,,1,0,Retired,4.5,1.16,4.85,1.18,3.9,1.25,5.01,1.227,4.3,1.2
36,London,Wimbledon,7/1/06,Grand Slam,Outdoor,Grass,3rd Round,5,Nieminen J.,Kohlschreiber P.,18,88,1390,459,1,6,6,2,6,3,7,6,,,3,1,Completed,1.36,3,1.37,3.1,1.42,2.75,1.383,3.41,1.4,2.84
36,London,Wimbledon,7/1/06,Grand Slam,Outdoor,Grass,3rd Round,5,Ancic M.,Wawrinka S.,10,67,1885,598,7,6,6,7,6,1,6,3,,,3,1,Completed,1.07,7.5,1.1,7,1.1,6.75,1.091,10,1.1,6.6
36,London,Wimbledon,7/1/06,Grand Slam,Outdoor,Grass,3rd Round,5,Baghdatis M.,Grosjean S.,16,26,1494,1180,4,6,6,4,6,4,6,1,,,3,1,Completed,3,1.36,3.1,1.37,2.75,1.42,3.26,1.407,3.12,1.35
36,London,Wimbledon,7/1/06,Grand Slam,Outdoor,Grass,3rd Round,5,Murray A.,Roddick A.,44,5,826,2430,7,6,6,4,6,4,,,,,3,0,Completed,3.5,1.28,3.3,1.33,3.22,1.32,3.58,1.36,3.4,1.31
36,London,Wimbledon,7/3/06,Grand Slam,Outdoor,Grass,4th Round,5,Stepanek R.,Verdasco F.,13,30,1710,1045,6,7,6,3,4,6,6,4,6,2,3,2,Completed,1.66,2.1,1.55,2.45,1.65,2.15,1.645,2.45,1.62,2.25
36,London,Wimbledon,7/3/06,Grand Slam,Outdoor,Grass,4th Round,5,Bjorkman J.,Mirnyi M.,59,53,638,710,6,3,7,6,4,6,2,6,6,3,3,2,Completed,2.1,1.66,2.05,1.77,2.1,1.7,2.1,1.833,1.98,1.8
36,London,Wimbledon,7/3/06,Grand Slam,Outdoor,Grass,4th Round,3,Hewitt L.,Ferrer D.,9,19,1900,1330,6,4,6,4,4,6,7,5,,,3,1,Completed,1.11,6,1.1,7,1.15,5.2,1.159,6.7,1.15,5.25
36,London,Wimbledon,7/3/06,Grand Slam,Outdoor,Grass,4th Round,5,Baghdatis M.,Murray A.,16,44,1494,826,6,3,6,4,7,6,,,,,3,0,Completed,2.37,1.53,2.6,1.5,2.45,1.5,2.54,1.61,2.5,1.5
36,London,Wimbledon,7/3/06,Grand Slam,Outdoor,Grass,4th Round,5,Ancic M.,Djokovic N.,10,39,1885,841,6,4,4,6,4,6,7,5,6,3,3,2,Completed,1.36,3,1.37,3.1,1.34,3.12,1.407,3.26,1.37,3
36,London,Wimbledon,7/3/06,Grand Slam,Outdoor,Grass,4th Round,5,Nieminen J.,Tursunov D.,18,31,1390,980,7,5,6,4,6,7,6,7,9,7,3,2,Completed,2.62,1.44,2.65,1.48,2.53,1.48,2.73,1.546,2.65,1.46
36,London,Wimbledon,7/3/06,Grand Slam,Outdoor,Grass,4th Round,5,Federer R.,Berdych T.,1,14,7260,1635,6,3,6,3,6,4,,,,,3,0,Completed,1.01,13,1.04,11,1.04,12,1.048,17,1.03,14
36,London,Wimbledon,7/3/06,Grand Slam,Outdoor,Grass,4th Round,5,Nadal R.,Labadze I.,2,166,4545,249,6,3,7,6,6,3,,,,,3,0,Completed,1.05,9,1.06,9,1.1,6.75,1.098,9.25,1.07,8
36,London,Wimbledon,7/5/06,Grand Slam,Outdoor,Grass,Quarterfinals,5,Federer R.,Ancic M.,1,10,7260,1885,6,4,6,4,6,4,,,,,3,0,Completed,1.05,9,1.05,10,1.04,12,1.063,13.75,1.05,10
36,London,Wimbledon,7/5/06,Grand Slam,Outdoor,Grass,Quarterfinals,5,Bjorkman J.,Stepanek R.,59,13,638,1710,7,6,4,6,6,7,7,6,6,4,3,2,Completed,2.62,1.5,2.45,1.55,2.6,1.45,2.52,1.617,2.6,1.5
36,London,Wimbledon,7/5/06,Grand Slam,Outdoor,Grass,Quarterfinals,5,Baghdatis M.,Hewitt L.,16,9,1494,1900,6,1,5,7,7,6,6,2,,,3,1,Completed,3,1.38,3.2,1.35,3.1,1.35,3.09,1.437,3.2,1.34
36,London,Wimbledon,7/6/06,Grand Slam,Outdoor,Grass,Quarterfinals,5,Nadal R.,Nieminen J.,2,18,4545,1390,6,3,6,4,6,4,,,,,3,0,Completed,1.25,4,1.25,4,1.21,4.06,1.307,3.96,1.25,3.8
36,London,Wimbledon,7/7/06,Grand Slam,Outdoor,Grass,Semifinals,5,Federer R.,Bjorkman J.,1,59,7260,638,6,2,6,0,6,2,,,,,3,0,Completed,1,26,1.01,16,1.01,19,1.013,60,1.01,50
36,London,Wimbledon,7/7/06,Grand Slam,Outdoor,Grass,Semifinals,5,Nadal R.,Baghdatis M.,2,16,4545,1494,6,1,7,5,6,3,,,,,3,0,Completed,1.39,2.87,1.42,2.85,1.38,3.07,1.49,2.84,1.4,2.86
36,London,Wimbledon,7/9/06,Grand Slam,Outdoor,Grass,The Final,5,Federer R.,Nadal R.,1,2,7260,4545,6,0,7,6,6,7,6,3,,,3,1,Completed,1.16,5,1.17,5,1.19,5.06,1.183,5.95,1.18,5
37,Bastad,Synsam Swedish Open,7/10/06,International,Outdoor,Clay,1st Round,3,Robredo T.,Simon G.,9,46,1915,817,4,6,6,1,6,4,,,,,2,1,Full Time,1.16,4.5,1.18,4.65,1.1,6.23,,,1.18,4.6
37,Bastad,Synsam Swedish Open,7/10/06,International,Outdoor,Clay,1st Round,3,Ferrero J.C.,Eleskovic E.,27,579,1055,38,6,3,3,6,6,3,,,,,2,1,Full Time,1.05,8,1.05,9,1.06,7.79,,,1.05,9
37,Bastad,Synsam Swedish Open,7/10/06,International,Outdoor,Clay,1st Round,3,Soderling R.,Pashanski B.,39,71,848,537,6,2,6,3,,,,,,,2,0,Full Time,,,1.18,4.65,1.2,4.25,,,1.2,4.4
37,Bastad,Synsam Swedish Open,7/10/06,International,Outdoor,Clay,1st Round,3,Davydenko N.,Martin A.,5,48,2165,764,6,4,6,1,,,,,,,2,0,Full Time,1.25,3.5,1.3,3.4,1.32,3.22,1.33,3.73,1.33,3.2
37,Bastad,Synsam Swedish Open,7/10/06,International,Outdoor,Clay,1st Round,3,Marach O.,Prpic A.,94,205,426,191,6,3,6,7,6,2,,,,,2,1,Full Time,1.44,2.62,1.5,2.55,1.58,2.28,,,1.48,2.55
37,Bastad,Synsam Swedish Open,7/11/06,International,Outdoor,Clay,1st Round,3,Korolev E.,Serra F.,129,41,333,845,6,3,3,6,6,4,,,,,2,1,Full Time,,,1.83,1.93,1.91,1.83,1.877,2.04,1.97,1.8
37,Bastad,Synsam Swedish Open,7/11/06,International,Outdoor,Clay,1st Round,3,Almagro N.,Berdych T.,47,15,808,1615,6,2,7,6,,,,,,,2,0,Full Time,1.72,2,1.7,2.1,1.65,2.15,1.806,2.14,1.8,1.97
37,Bastad,Synsam Swedish Open,7/11/06,International,Outdoor,Clay,1st Round,3,Nieminen J.,Chela J.I.,13,45,1635,820,6,4,5,7,6,1,,,,,2,1,Full Time,1.5,2.5,1.55,2.4,1.6,2.3,1.645,2.45,1.58,2.33
37,Bastad,Synsam Swedish Open,7/11/06,International,Outdoor,Clay,1st Round,3,Calleri A.,Luczak P.,54,156,680,262,3,6,6,1,6,2,,,,,2,1,Full Time,,,1.4,2.85,1.4,2.85,1.481,2.88,1.38,2.95
37,Bastad,Synsam Swedish Open,7/11/06,International,Outdoor,Clay,1st Round,3,Acasuso J.,Coria G.,32,28,970,1035,2,6,6,2,7,5,,,,,2,1,Full Time,1.66,2.1,1.65,2.2,1.6,2.3,1.662,2.41,1.6,2.25
37,Bastad,Synsam Swedish Open,7/11/06,International,Outdoor,Clay,1st Round,3,Horna L.,Johansson T.,53,38,707,885,6,4,6,2,,,,,,,2,0,Full Time,1.57,2.25,1.53,2.45,1.5,2.45,1.595,2.58,1.5,2.52
37,Bastad,Synsam Swedish Open,7/11/06,International,Outdoor,Clay,1st Round,3,Schukin Y.,Minar I.,343,106,94,391,2,6,6,2,6,3,,,,,2,1,Full Time,2.62,1.44,,,2.45,1.5,3,1.455,3.1,1.35
37,Bastad,Synsam Swedish Open,7/11/06,International,Outdoor,Clay,1st Round,3,Dlouhy L.,Vinciguerra A.,78,259,500,137,6,3,6,2,,,,,,,2,0,Full Time,2,1.72,1.77,2,1.87,1.87,1.917,1.99,1.88,1.88
37,Bastad,Synsam Swedish Open,7/11/06,International,Outdoor,Clay,1st Round,3,Massu N.,Zabaleta M.,37,183,890,216,6,4,3,1,,,,,,,1,0,Retired,1.22,3.75,1.2,4.4,1.2,4.25,1.244,4.7,1.25,3.75
37,Bastad,Synsam Swedish Open,7/11/06,International,Outdoor,Clay,1st Round,3,Ferrer D.,Al Ghareeb M.,18,352,1475,89,6,4,6,4,,,,,,,2,0,Full Time,1.05,8,,,,,1.067,13,1.04,11
37,Bastad,Synsam Swedish Open,7/12/06,International,Outdoor,Clay,1st Round,3,Nieminen J.,Dlouhy L.,13,78,1635,500,6,7,6,0,6,3,,,,,2,1,Full Time,1.16,4.5,1.22,4.1,1.15,4.92,1.284,4.22,1.25,3.8
37,Bastad,Synsam Swedish Open,7/12/06,International,Outdoor,Clay,2nd Round,3,Waske A.,Bjorkman J.,97,29,420,1013,6,4,4,6,6,3,,,,,2,1,Full Time,1.72,2,1.62,2.25,1.55,2.35,1.725,2.28,1.72,2.07
37,Bastad,Synsam Swedish Open,7/12/06,International,Outdoor,Clay,2nd Round,3,Massu N.,Acasuso J.,37,32,890,970,6,4,6,2,,,,,,,2,0,Full Time,2.5,1.5,2.55,1.5,2.4,1.53,2.68,1.562,2.38,1.55
37,Bastad,Synsam Swedish Open,7/12/06,International,Outdoor,Clay,2nd Round,3,Ferrero J.C.,Marach O.,27,94,1055,426,6,2,6,3,,,,,,,2,0,Full Time,1.11,6,1.12,6,1.11,5.84,1.177,6.15,1.14,5.35
37,Bastad,Synsam Swedish Open,7/12/06,International,Outdoor,Clay,2nd Round,3,Davydenko N.,Schukin Y.,5,343,2165,94,6,0,3,6,6,1,,,,,2,1,Full Time,1.05,9,1.06,8.5,1.07,7.19,1.082,11.25,1.07,7.7
37,Bastad,Synsam Swedish Open,7/13/06,International,Outdoor,Clay,2nd Round,3,Korolev E.,Horna L.,129,53,333,707,6,2,6,3,,,,,,,2,0,Full Time,2.25,1.57,2.05,1.75,2.12,1.67,2.2,1.769,1.97,1.8
37,Bastad,Synsam Swedish Open,7/13/06,International,Outdoor,Clay,2nd Round,3,Robredo T.,Waske A.,9,97,1915,420,6,3,6,1,,,,,,,2,0,Full Time,1.1,6.5,1.13,5.65,1.1,6.25,1.143,7.3,1.12,5.8
37,Bastad,Synsam Swedish Open,7/13/06,International,Outdoor,Clay,2nd Round,3,Soderling R.,Ferrer D.,39,18,848,1475,6,3,6,1,,,,,,,2,0,Full Time,2.75,1.39,2.7,1.45,2.53,1.48,2.59,1.592,2.65,1.45
37,Bastad,Synsam Swedish Open,7/13/06,International,Outdoor,Clay,2nd Round,3,Calleri A.,Almagro N.,54,47,680,808,6,3,6,4,,,,,,,2,0,Full Time,3.5,1.28,3.55,1.28,3.46,1.28,3.9,1.313,3.4,1.3
37,Bastad,Synsam Swedish Open,7/14/06,International,Outdoor,Clay,Quarterfinals,3,Davydenko N.,Massu N.,5,37,2165,890,6,4,6,3,,,,,,,2,0,Full Time,1.33,3.25,1.37,3,1.35,3.1,1.365,3.54,1.35,3.1
37,Bastad,Synsam Swedish Open,7/14/06,International,Outdoor,Clay,Quarterfinals,3,Robredo T.,Korolev E.,9,129,1915,333,4,6,6,3,6,1,,,,,2,1,Full Time,1.22,4,1.3,3.4,1.35,3.1,1.333,3.7,1.35,3.1
37,Bastad,Synsam Swedish Open,7/14/06,International,Outdoor,Clay,Quarterfinals,3,Calleri A.,Soderling R.,54,39,680,848,6,4,6,4,,,,,,,2,0,Full Time,2.1,1.66,2.1,1.7,2.1,1.65,2.26,1.735,2.1,1.73
37,Bastad,Synsam Swedish Open,7/14/06,International,Outdoor,Clay,Quarterfinals,3,Nieminen J.,Ferrero J.C.,13,27,1635,1055,7,6,6,2,,,,,,,2,0,Full Time,2.2,1.61,2.15,1.67,2.15,1.65,2.18,1.781,2,1.78
37,Bastad,Synsam Swedish Open,7/15/06,International,Outdoor,Clay,Semifinals,3,Davydenko N.,Calleri A.,5,54,2165,680,6,3,6,3,,,,,,,2,0,Full Time,1.33,3.25,1.3,3.4,1.3,3.35,1.356,3.61,1.28,3.55
37,Bastad,Synsam Swedish Open,7/15/06,International,Outdoor,Clay,Semifinals,3,Robredo T.,Nieminen J.,9,13,1915,1635,3,6,6,2,6,4,,,,,2,1,Full Time,1.5,2.5,1.5,2.55,1.5,2.55,1.505,2.78,1.52,2.47
37,Bastad,Synsam Swedish Open,7/16/06,International,Outdoor,Clay,The Final,3,Robredo T.,Davydenko N.,9,5,1915,2165,6,2,6,1,,,,,,,2,0,Full Time,2.25,1.57,2.45,1.53,2.45,1.5,2.52,1.617,2.39,1.55
38,Gstaad,Allianz Suisse Open,7/10/06,International,Outdoor,Clay,1st Round,3,Lopez F.,Volandri F.,68,56,565,665,6,4,6,4,,,,,,,2,0,Full Time,2.37,1.53,2.7,1.45,2.6,1.45,2.7,1.45,2.55,1.48
38,Gstaad,Allianz Suisse Open,7/10/06,International,Outdoor,Clay,1st Round,3,Bracciali D.,Saretta F.,50,103,731,404,5,7,6,1,6,4,,,,,2,1,Full Time,1.53,2.37,1.7,2.1,1.83,1.91,,,1.67,2.14
38,Gstaad,Allianz Suisse Open,7/10/06,International,Outdoor,Clay,1st Round,3,Chiudinelli M.,Sanguinetti D.,341,64,94,585,6,3,6,2,,,,,,,2,0,Full Time,2.87,1.36,3.1,1.35,3.1,1.35,,,3.1,1.35
38,Gstaad,Allianz Suisse Open,7/10/06,International,Outdoor,Clay,1st Round,3,Verdasco F.,Norman D.,24,122,1160,363,6,4,6,3,,,,,,,2,0,Full Time,1.16,4.5,1.2,4.4,1.17,4.67,,,1.2,4.3
38,Gstaad,Allianz Suisse Open,7/10/06,International,Outdoor,Clay,1st Round,3,Ramirez-Hidalgo R.,Roshardt R.,62,744,608,20,6,1,6,4,,,,,,,2,0,Full Time,1.12,5.5,,,1.13,5.5,,,1.11,5.6
38,Gstaad,Allianz Suisse Open,7/10/06,International,Outdoor,Clay,1st Round,3,Ljubicic I.,Portas A.,4,126,3125,353,6,3,7,6,,,,,,,2,0,Full Time,1.14,5,1.13,5.65,1.1,6.23,1.132,7.85,1.12,5.2
38,Gstaad,Allianz Suisse Open,7/11/06,International,Outdoor,Clay,1st Round,3,Kohlschreiber P.,di Mauro A.,72,89,529,439,6,3,6,1,,,,,,,2,0,Full Time,,,1.25,3.85,1.26,3.59,1.333,3.7,1.34,3.05
38,Gstaad,Allianz Suisse Open,7/11/06,International,Outdoor,Clay,1st Round,3,Gasquet R.,Greul S.,60,80,615,498,6,3,6,3,,,,,,,2,0,Full Time,1.1,6,1.11,6.25,1.1,6.75,1.128,8.09,1.1,6.5
38,Gstaad,Allianz Suisse Open,7/11/06,International,Outdoor,Clay,1st Round,3,Rochus C.,Vicente M.,65,188,585,211,6,1,4,6,6,2,,,,,2,1,Full Time,1.66,2.1,1.77,2,1.73,2.03,1.8,2.15,1.7,2.1
38,Gstaad,Allianz Suisse Open,7/11/06,International,Outdoor,Clay,1st Round,3,Cilic M.,Seppi A.,316,63,106,605,6,3,7,6,,,,,,,2,0,Full Time,2.75,1.39,3,1.37,3.1,1.35,3.46,1.376,3.1,1.35
38,Gstaad,Allianz Suisse Open,7/11/06,International,Outdoor,Clay,1st Round,3,Gaudio G.,Daniel M.,14,81,1625,495,7,6,6,2,,,,,,,2,0,Full Time,1.1,6,1.14,5.4,1.15,5.2,1.14,7.43,1.15,5
38,Gstaad,Allianz Suisse Open,7/11/06,International,Outdoor,Clay,1st Round,3,Vemic D.,Mathieu P.H.,425,33,65,920,3,6,7,5,7,6,,,,,2,1,Full Time,5,1.14,5.4,1.14,6.75,1.1,8.75,1.111,5.4,1.14
38,Gstaad,Allianz Suisse Open,7/11/06,International,Outdoor,Clay,1st Round,3,Novak J.,Moya C.,131,42,330,830,6,3,6,2,,,,,,,2,0,Full Time,3.75,1.22,4.65,1.18,4.06,1.21,5.01,1.227,4.3,1.2
38,Gstaad,Allianz Suisse Open,7/11/06,International,Outdoor,Clay,1st Round,3,Pavel A.,Wawrinka S.,79,69,499,553,6,4,1,6,7,6,,,,,2,1,Full Time,3.25,1.28,3.55,1.28,3.1,1.35,3.75,1.328,3.4,1.3
38,Gstaad,Allianz Suisse Open,7/11/06,International,Outdoor,Clay,1st Round,3,Mirnyi M.,Berlocq C.,52,105,710,391,6,3,7,5,,,,,,,2,0,Full Time,1.25,3.5,1.25,3.85,1.26,3.59,1.273,4.36,1.26,3.65
38,Gstaad,Allianz Suisse Open,7/11/06,International,Outdoor,Clay,1st Round,3,Vik R.,Kutac R.,73,638,529,30,6,2,6,1,,,,,,,2,0,Full Time,,,,,,,1.313,3.9,,
38,Gstaad,Allianz Suisse Open,7/12/06,International,Outdoor,Clay,2nd Round,3,Verdasco F.,Bracciali D.,24,50,1160,731,6,3,6,1,,,,,,,2,0,Full Time,1.28,3.5,,,,,1.293,4.11,1.32,3.25
38,Gstaad,Allianz Suisse Open,7/12/06,International,Outdoor,Clay,2nd Round,3,Kohlschreiber P.,Novak J.,72,131,529,330,3,6,7,6,6,1,,,,,2,1,Full Time,1.9,1.8,2.1,1.7,2,1.75,2.08,1.847,1.96,1.8
38,Gstaad,Allianz Suisse Open,7/13/06,International,Outdoor,Clay,2nd Round,3,Gasquet R.,Vik R.,60,73,615,529,6,1,6,1,,,,,,,2,0,Full Time,1.12,5.5,1.13,5.65,1.15,5.2,1.177,6.15,1.15,5
38,Gstaad,Allianz Suisse Open,7/13/06,International,Outdoor,Clay,2nd Round,3,Gaudio G.,Rochus C.,14,65,1625,585,6,0,6,4,,,,,,,2,0,Full Time,1.14,5,1.18,4.65,1.21,4.06,1.208,5.41,1.22,4
38,Gstaad,Allianz Suisse Open,7/13/06,International,Outdoor,Clay,2nd Round,3,Pavel A.,Mirnyi M.,79,52,499,710,6,2,6,4,,,,,,,2,0,Full Time,2.1,1.66,1.93,1.83,1.87,1.87,2.07,1.855,1.96,1.8
38,Gstaad,Allianz Suisse Open,7/14/06,International,Outdoor,Clay,2nd Round,3,Cilic M.,Vemic D.,316,425,106,65,2,6,6,3,6,4,,,,,2,1,Full Time,1.57,2.25,1.75,2.05,1.55,2.35,1.662,2.41,1.7,2.1
38,Gstaad,Allianz Suisse Open,7/14/06,International,Outdoor,Clay,2nd Round,3,Lopez F.,Ramirez-Hidalgo R.,68,62,565,608,6,7,6,3,7,6,,,,,2,1,Full Time,1.8,1.9,1.83,1.93,1.8,1.95,1.769,2.2,1.73,2.06
38,Gstaad,Allianz Suisse Open,7/14/06,International,Outdoor,Clay,2nd Round,3,Ljubicic I.,Chiudinelli M.,4,341,3125,94,6,7,6,3,6,2,,,,,2,1,Full Time,1.06,8,1.06,8.5,1.05,8.5,1.091,10,1.08,7.35
38,Gstaad,Allianz Suisse Open,7/14/06,International,Outdoor,Clay,Quarterfinals,3,Kohlschreiber P.,Verdasco F.,72,24,529,1160,6,3,4,6,6,4,,,,,2,1,Full Time,3,1.36,3.4,1.3,3.22,1.32,3.45,1.377,3.05,1.35
38,Gstaad,Allianz Suisse Open,7/14/06,International,Outdoor,Clay,Quarterfinals,3,Gasquet R.,Gaudio G.,60,14,615,1625,6,3,6,2,,,,,,,2,0,Full Time,1.66,2.1,1.75,2.05,1.67,2.12,1.826,2.11,1.64,2.2
38,Gstaad,Allianz Suisse Open,7/14/06,International,Outdoor,Clay,Quarterfinals,3,Cilic M.,Pavel A.,316,79,106,499,6,7,6,3,7,5,,,,,2,1,Full Time,3,1.36,,,,,3.9,1.313,,
38,Gstaad,Allianz Suisse Open,7/14/06,International,Outdoor,Clay,Quarterfinals,3,Lopez F.,Ljubicic I.,68,4,565,3125,7,6,6,3,,,,,,,2,0,Full Time,3,1.36,,,2.75,1.42,3.3,1.4,,
38,Gstaad,Allianz Suisse Open,7/15/06,International,Outdoor,Clay,Semifinals,3,Gasquet R.,Kohlschreiber P.,60,72,615,529,6,0,1,6,6,2,,,,,2,1,Full Time,1.14,5,1.13,5.65,1.15,5.2,1.171,6.25,1.17,4.75
38,Gstaad,Allianz Suisse Open,7/15/06,International,Outdoor,Clay,Semifinals,3,Lopez F.,Cilic M.,68,316,565,106,7,6,6,7,6,3,,,,,2,1,Full Time,1.28,3.5,1.37,3,1.3,3.35,1.439,3.08,1.36,3
38,Gstaad,Allianz Suisse Open,7/15/06,International,Outdoor,Clay,The Final,5,Gasquet R.,Lopez F.,60,68,615,565,,,,,,,,,,,,,Full Time,1.25,3.75,1.2,4.4,1.25,3.9,1.256,4.51,1.2,4.3
39,Newport,Hall of Fame Championships,7/10/06,International,Outdoor,Grass,1st Round,3,Kendrick R.,Spadea V.,186,90,212,435,6,4,3,6,6,3,,,,,2,1,Full Time,2.1,1.66,2.1,1.7,2.1,1.71,2.06,1.862,2.05,1.72
39,Newport,Hall of Fame Championships,7/10/06,International,Outdoor,Grass,1st Round,3,Kunitsyn I.,Reynolds B.,93,108,433,390,7,5,6,2,,,,,,,2,0,Full Time,2.25,1.57,1.97,1.8,2.15,1.65,2.32,1.704,2.15,1.67
39,Newport,Hall of Fame Championships,7/10/06,International,Outdoor,Grass,1st Round,3,de Voest R.,Kubot L.,140,135,307,317,6,2,6,2,,,,,,,2,0,Full Time,1.83,1.83,1.8,1.95,1.87,1.87,1.746,2.24,1.85,1.9
39,Newport,Hall of Fame Championships,7/10/06,International,Outdoor,Grass,1st Round,3,Capdeville P.,Muller G.,137,75,311,519,7,6,6,2,,,,,,,2,0,Full Time,2.75,1.39,3.1,1.35,2.6,1.45,3.2,1.417,2.85,1.4
39,Newport,Hall of Fame Championships,7/10/06,International,Outdoor,Grass,1st Round,3,Melzer J.,Sabau R.,91,168,435,243,7,5,7,5,,,,,,,2,0,Full Time,1.25,3.5,1.22,4,1.17,4.67,1.262,4.51,1.25,3.75
39,Newport,Hall of Fame Championships,7/11/06,International,Outdoor,Grass,1st Round,3,Alves T.,Behrend T.,133,151,328,270,6,4,6,4,,,,,,,2,0,Full Time,1.9,1.8,,,,,1.893,2.02,,
39,Newport,Hall of Fame Championships,7/11/06,International,Outdoor,Grass,1st Round,3,Pless K.,Russell M.,125,201,353,194,7,6,,,,,,,,,1,0,Retired,1.83,1.83,1.7,2.1,1.7,2.1,1.704,2.32,,
39,Newport,Hall of Fame Championships,7/11/06,International,Outdoor,Grass,1st Round,3,Bastl G.,Karlovic I.,145,58,291,631,6,7,6,4,4,2,,,,,1,1,Retired,4,1.19,4.4,1.2,4.25,1.2,5.09,1.223,4.3,1.2
39,Newport,Hall of Fame Championships,7/11/06,International,Outdoor,Grass,1st Round,3,Arthurs W.,Carlsen K.,198,120,201,367,7,6,7,6,,,,,,,2,0,Full Time,1.72,2,1.77,2,1.75,2.05,1.885,2.03,1.9,1.85
39,Newport,Hall of Fame Championships,7/11/06,International,Outdoor,Grass,1st Round,3,Philippoussis M.,Goldstein P.,214,74,184,521,6,4,6,2,,,,,,,2,0,Full Time,1.44,2.62,1.4,2.9,1.45,2.6,1.442,3.06,1.42,2.8
39,Newport,Hall of Fame Championships,7/11/06,International,Outdoor,Grass,1st Round,3,Querry S.,Udomchoke D.,545,112,44,387,6,4,6,3,,,,,,,2,0,Full Time,2.2,1.61,2.2,1.65,2.15,1.65,2.05,1.87,2.2,1.63
39,Newport,Hall of Fame Championships,7/11/06,International,Outdoor,Grass,1st Round,3,Gimelstob J.,Whitehouse W.,111,565,388,40,4,6,6,3,6,4,,,,,2,1,Full Time,1.44,2.62,1.42,2.8,1.4,2.85,1.403,3.28,,
39,Newport,Hall of Fame Championships,7/11/06,International,Outdoor,Grass,1st Round,3,Murray A.,Mello R.,36,139,901,308,6,1,1,6,7,6,,,,,2,1,Full Time,1.08,6.5,1.08,7.5,1.07,7.19,1.069,12.53,1.08,7.25
39,Newport,Hall of Fame Championships,7/11/06,International,Outdoor,Grass,1st Round,3,Fish M.,Saulnier C.,70,134,546,323,6,3,6,1,,,,,,,2,0,Full Time,1.25,3.5,1.22,4.1,1.25,3.75,1.277,4.31,1.27,3.5
39,Newport,Hall of Fame Championships,7/11/06,International,Outdoor,Grass,1st Round,3,Bogdanovic A.,Levine J.,154,735,265,21,6,4,7,5,,,,,,,2,0,Full Time,,,,,,,1.37,3.5,,
39,Newport,Hall of Fame Championships,7/11/06,International,Outdoor,Grass,1st Round,3,Dancevic F.,Kim K.,113,86,376,446,6,4,6,3,,,,,,,2,0,Full Time,1.66,2.1,1.77,2.02,1.7,2.1,1.8,2.15,1.8,1.96
39,Newport,Hall of Fame Championships,7/12/06,International,Outdoor,Grass,2nd Round,3,Philippoussis M.,de Voest R.,214,140,184,307,6,3,6,4,,,,,,,2,0,Full Time,1.16,4.5,1.2,4.4,1.23,3.89,1.263,4.5,1.22,4
39,Newport,Hall of Fame Championships,7/12/06,International,Outdoor,Grass,2nd Round,3,Kendrick R.,Kunitsyn I.,186,93,212,433,6,4,6,2,,,,,,,2,0,Full Time,1.5,2.5,1.55,2.4,1.6,2.3,1.621,2.51,1.5,2.5
39,Newport,Hall of Fame Championships,7/12/06,International,Outdoor,Grass,2nd Round,3,Melzer J.,Dancevic F.,91,113,435,376,6,4,3,6,6,4,,,,,2,1,Full Time,1.53,2.37,1.6,2.3,1.65,2.1,1.621,2.51,1.7,2.1
39,Newport,Hall of Fame Championships,7/13/06,International,Outdoor,Grass,2nd Round,3,Gimelstob J.,Arthurs W.,111,198,388,201,6,3,7,6,,,,,,,2,0,Full Time,1.9,1.8,2.05,1.75,2.1,1.7,2.23,1.752,2.05,1.73
39,Newport,Hall of Fame Championships,7/13/06,International,Outdoor,Grass,2nd Round,3,Pless K.,Capdeville P.,125,137,353,311,6,4,4,6,6,4,,,,,2,1,Full Time,1.8,1.9,1.77,2,1.8,1.95,1.826,2.11,1.8,1.96
39,Newport,Hall of Fame Championships,7/13/06,International,Outdoor,Grass,2nd Round,3,Bogdanovic A.,Bastl G.,154,145,265,291,6,1,7,6,,,,,,,2,0,Full Time,1.8,1.9,1.8,1.97,,,1.73,2.27,1.77,2
39,Newport,Hall of Fame Championships,7/14/06,International,Outdoor,Grass,2nd Round,3,Fish M.,Alves T.,70,133,546,328,6,2,6,3,,,,,,,2,0,Full Time,1.05,9,1.06,8.5,1.05,8.5,1.08,11,1.07,7.7
39,Newport,Hall of Fame Championships,7/14/06,International,Outdoor,Grass,2nd Round,3,Murray A.,Querry S.,36,545,901,44,7,5,6,2,,,,,,,2,0,Full Time,1.16,4.5,1.25,3.85,1.2,4.2,1.231,4.93,1.28,3.5
39,Newport,Hall of Fame Championships,7/14/06,International,Outdoor,Grass,Quarterfinals,3,Gimelstob J.,Pless K.,111,125,388,353,6,3,6,1,,,,,,,2,0,Full Time,1.44,2.62,1.48,2.6,1.5,2.45,1.485,2.86,1.48,2.56
39,Newport,Hall of Fame Championships,7/14/06,International,Outdoor,Grass,Quarterfinals,3,Melzer J.,Bogdanovic A.,91,154,435,265,3,6,6,2,6,1,,,,,2,1,Full Time,1.39,2.75,1.45,2.7,1.45,2.6,1.51,2.81,1.45,2.65
39,Newport,Hall of Fame Championships,7/14/06,International,Outdoor,Grass,Quarterfinals,3,Murray A.,Kendrick R.,36,186,901,212,6,0,6,0,,,,,,,2,0,Full Time,1.44,2.62,,,,,,,,
39,Newport,Hall of Fame Championships,7/14/06,International,Outdoor,Grass,Quarterfinals,3,Philippoussis M.,Fish M.,214,70,184,546,7,6,6,3,,,,,,,2,0,Full Time,2.37,1.53,,,,,,,,
39,Newport,Hall of Fame Championships,7/15/06,International,Outdoor,Grass,Semifinals,3,Philippoussis M.,Melzer J.,214,91,184,435,6,7,6,2,6,0,,,,,2,1,Full Time,1.36,3,1.42,2.8,1.4,2.85,1.407,3.26,1.4,2.9
39,Newport,Hall of Fame Championships,7/15/06,International,Outdoor,Grass,Semifinals,3,Gimelstob J.,Murray A.,111,36,388,901,6,1,7,6,,,,,,,2,0,Full Time,3.5,1.28,3.55,1.28,3.46,1.28,4.37,1.272,3.55,1.27
39,Newport,Hall of Fame Championships,7/16/06,International,Outdoor,Grass,The Final,3,Philippoussis M.,Gimelstob J.,214,111,184,388,6,3,7,5,,,,,,,2,0,Full Time,1.36,3,1.4,2.85,1.4,2.85,1.424,3.16,1.42,2.8
40,Amersfoort,Dutch Open,7/17/06,International,Outdoor,Clay,1st Round,3,Mathieu P.H.,di Mauro A.,33,93,920,439,6,0,6,3,,,,,,,2,0,Completed,1.19,4,1.22,4.1,1.25,3.74,1.293,4.11,1.29,3.45
40,Amersfoort,Dutch Open,7/17/06,International,Outdoor,Clay,1st Round,3,Marin J.A.,Sanguinetti D.,122,67,368,585,6,2,7,5,,,,,,,2,0,Completed,2.37,1.53,2.35,1.57,2.45,1.5,2.29,1.719,2.4,1.55
40,Amersfoort,Dutch Open,7/17/06,International,Outdoor,Clay,1st Round,3,Bracciali D.,Sijsling I.,55,503,696,51,6,7,6,4,6,4,,,,,2,1,Completed,,,,,,,1.119,8.6,,
40,Amersfoort,Dutch Open,7/17/06,International,Outdoor,Clay,1st Round,3,Ramirez-Hidalgo R.,Berlocq C.,62,108,617,391,6,7,6,3,6,3,,,,,2,1,Completed,1.28,3.25,1.22,4.1,1.28,3.46,1.313,3.89,1.28,3.5
40,Amersfoort,Dutch Open,7/17/06,International,Outdoor,Clay,1st Round,3,Massa E.,Minar I.,450,110,60,391,6,4,6,3,,,,,,,2,0,Completed,2.62,1.44,2.7,1.45,2.85,1.4,2.85,1.5,2.85,1.4
40,Amersfoort,Dutch Open,7/17/06,International,Outdoor,Clay,1st Round,3,Djokovic N.,Pashanski B.,36,73,901,537,6,0,6,3,,,,,,,2,0,Completed,1.16,4.5,1.12,6,1.14,5.19,1.143,7.3,1.15,5.1
40,Amersfoort,Dutch Open,7/18/06,International,Outdoor,Clay,1st Round,3,Coria G.,Haase R.,28,340,1035,98,6,3,4,6,6,4,,,,,2,1,Completed,1.1,6,1.13,5.65,1.11,5.84,1.19,5.75,1.15,5.1
40,Amersfoort,Dutch Open,7/18/06,International,Outdoor,Clay,1st Round,3,Roitman S.,Cilic M.,118,211,371,186,6,3,6,1,,,,,,,2,0,Completed,2.62,1.44,2.6,1.48,2.6,1.45,2.53,1.613,2.5,1.5
40,Amersfoort,Dutch Open,7/18/06,International,Outdoor,Clay,1st Round,3,Zib T.,Darcis S.,127,266,355,141,7,5,6,3,,,,,,,2,0,Completed,,,,,1.65,2.15,1.758,2.22,,
40,Amersfoort,Dutch Open,7/18/06,International,Outdoor,Clay,1st Round,3,Gicquel M.,Vicente F.,87,101,481,416,6,2,6,4,,,,,,,2,0,Completed,1.83,1.83,1.77,2,1.7,2.1,1.877,2.04,1.88,1.88
40,Amersfoort,Dutch Open,7/18/06,International,Outdoor,Clay,1st Round,3,Moya C.,Garcia-Lopez G.,41,80,830,508,6,4,7,6,,,,,,,2,0,Completed,1.57,2.25,1.7,2.1,1.67,2.12,1.746,2.24,1.68,2.12
40,Amersfoort,Dutch Open,7/18/06,International,Outdoor,Clay,1st Round,3,Martin A.,Montanes A.,49,95,764,433,6,2,6,2,,,,,,,2,0,Completed,1.57,2.25,1.6,2.3,1.6,2.3,1.709,2.31,1.55,2.38
40,Amersfoort,Dutch Open,7/18/06,International,Outdoor,Clay,1st Round,3,Calleri A.,Gremelmayr D.,51,133,728,335,6,2,7,6,,,,,,,2,0,Completed,1.16,4.5,1.18,4.65,1.2,4.25,1.199,5.53,1.2,4.3
40,Amersfoort,Dutch Open,7/18/06,International,Outdoor,Clay,1st Round,3,De Bakker T.,Benneteau J.,1055,53,7,711,6,3,6,3,,,,,,,2,0,Completed,4.5,1.16,,,,,5.14,1.22,,
40,Amersfoort,Dutch Open,7/18/06,International,Outdoor,Clay,1st Round,3,Fognini F.,Guzman J.P.,274,381,134,80,6,3,1,6,7,5,,,,,2,1,Completed,1.8,1.9,,,1.9,1.85,2.06,1.862,,
40,Amersfoort,Dutch Open,7/18/06,International,Outdoor,Clay,1st Round,3,Massu N.,Vinciguerra A.,37,262,890,142,7,6,6,3,,,,,,,2,0,Completed,,,1.14,5.4,1.17,4.67,1.174,6.25,1.16,4.85
40,Amersfoort,Dutch Open,7/19/06,International,Outdoor,Clay,2nd Round,3,Ramirez-Hidalgo R.,Mathieu P.H.,62,33,617,920,6,4,6,2,,,,,,,2,0,Completed,2.37,1.53,2.55,1.5,2.35,1.55,2.6,1.588,2.38,1.55
40,Amersfoort,Dutch Open,7/19/06,International,Outdoor,Clay,2nd Round,3,Martin A.,Massa E.,49,450,764,60,6,2,6,4,,,,,,,2,0,Completed,1.33,3.25,1.28,3.55,1.3,3.35,1.352,3.64,1.31,3.3
40,Amersfoort,Dutch Open,7/19/06,International,Outdoor,Clay,2nd Round,3,Massu N.,Marin J.A.,37,122,890,368,6,4,7,6,,,,,,,2,0,Completed,1.1,6,1.13,5.65,1.13,5.5,1.15,7.05,1.14,5.3
40,Amersfoort,Dutch Open,7/19/06,International,Outdoor,Clay,2nd Round,3,Moya C.,Fognini F.,41,274,830,134,7,5,6,3,,,,,,,2,0,Completed,1.14,5,1.22,4.1,1.2,4.25,1.2,5.5,1.22,4
40,Amersfoort,Dutch Open,7/20/06,International,Outdoor,Clay,2nd Round,3,Coria G.,Roitman S.,28,118,1035,371,7,5,4,6,6,2,,,,,2,1,Completed,1.38,2.87,1.4,2.85,1.37,2.92,1.485,2.86,1.43,2.72
40,Amersfoort,Dutch Open,7/20/06,International,Outdoor,Clay,2nd Round,3,Djokovic N.,Zib T.,36,127,901,355,6,4,6,2,,,,,,,2,0,Completed,1.1,6.5,1.12,6,1.13,5.5,1.135,7.7,1.14,5.2
40,Amersfoort,Dutch Open,7/20/06,International,Outdoor,Clay,2nd Round,3,Calleri A.,Bracciali D.,51,55,728,696,2,6,7,6,6,0,,,,,2,1,Completed,1.28,3.5,1.3,3.4,1.32,3.22,1.325,3.78,1.3,3.35
40,Amersfoort,Dutch Open,7/20/06,International,Outdoor,Clay,2nd Round,3,Gicquel M.,De Bakker T.,87,1055,481,7,4,6,6,3,6,2,,,,,2,1,Completed,1.53,2.37,1.5,2.55,1.5,2.45,1.641,2.46,1.5,2.5
40,Amersfoort,Dutch Open,7/21/06,International,Outdoor,Clay,Quarterfinals,3,Ramirez-Hidalgo R.,Martin A.,62,49,617,764,6,2,6,2,,,,,,,2,0,Completed,1.9,1.8,2.1,1.7,1.95,1.8,2.23,1.752,1.96,1.8
40,Amersfoort,Dutch Open,7/21/06,International,Outdoor,Clay,Quarterfinals,3,Massu N.,Moya C.,37,41,890,830,7,5,6,4,,,,,,,2,0,Completed,2,1.72,1.88,1.88,2.03,1.73,1.99,1.917,1.88,1.88
40,Amersfoort,Dutch Open,7/21/06,International,Outdoor,Clay,Quarterfinals,3,Coria G.,Calleri A.,28,51,1035,728,6,3,7,6,,,,,,,2,0,Completed,2.5,1.5,2.6,1.48,2.45,1.5,2.64,1.575,2.55,1.48
40,Amersfoort,Dutch Open,7/21/06,International,Outdoor,Clay,Quarterfinals,3,Djokovic N.,Gicquel M.,36,87,901,481,6,3,6,4,,,,,,,2,0,Completed,1.11,6,1.12,6,1.14,5.19,1.156,6.81,1.16,4.9
40,Amersfoort,Dutch Open,7/22/06,International,Outdoor,Clay,Semifinals,3,Massu N.,Ramirez-Hidalgo R.,37,62,890,617,6,1,6,3,,,,,,,2,0,Completed,1.5,2.5,1.55,2.4,1.5,2.45,1.645,2.45,1.61,2.25
40,Amersfoort,Dutch Open,7/22/06,International,Outdoor,Clay,Semifinals,3,Djokovic N.,Coria G.,36,28,901,1035,6,2,1,0,,,,,,,1,0,Retired,1.57,2.25,1.53,2.45,1.55,2.35,1.562,2.68,1.5,2.5
40,Amersfoort,Dutch Open,7/23/06,International,Outdoor,Clay,The Final,3,Djokovic N.,Massu N.,36,37,901,890,7,6,6,4,,,,,,,2,0,Completed,1.61,2.2,1.67,2.15,1.7,2.08,1.8,2.15,1.65,2.2
41,Indianapolis,RCA Championships,7/17/06,International,Outdoor,Hard,1st Round,3,Morrison J.,Gonzalez S.,183,168,221,248,6,2,6,2,,,,,,,2,0,Completed,1.44,2.62,1.4,2.85,1.4,2.85,1.467,2.94,1.45,2.65
41,Indianapolis,RCA Championships,7/17/06,International,Outdoor,Hard,1st Round,3,Falla A.,Faurel J.C.,129,146,350,301,6,4,6,2,,,,,,,2,0,Completed,1.5,2.5,1.45,2.7,1.45,2.6,1.51,2.81,1.5,2.5
41,Indianapolis,RCA Championships,7/17/06,International,Outdoor,Hard,1st Round,3,Udomchoke D.,Cakl T.,109,161,391,252,6,2,6,2,,,,,,,2,0,Completed,,,1.65,2.2,1.67,2.12,,,1.53,2.33
41,Indianapolis,RCA Championships,7/17/06,International,Outdoor,Hard,1st Round,3,Capdeville P.,Behrend T.,137,152,322,270,6,2,6,0,,,,,,,2,0,Completed,1.5,2.5,1.4,2.85,1.48,2.53,1.51,2.76,1.38,2.9
41,Indianapolis,RCA Championships,7/17/06,International,Outdoor,Hard,1st Round,3,Querrey S.,Tipsarevic J.,200,126,201,357,6,4,6,7,6,4,,,,,2,1,Completed,2.1,1.66,2.1,1.7,2.1,1.7,2.17,1.787,2.1,1.7
41,Indianapolis,RCA Championships,7/17/06,International,Outdoor,Hard,1st Round,3,Sabau R.,Lu Y.,172,134,243,333,6,3,6,4,,,,,,,2,0,Completed,2.1,1.66,,,,,,,2.1,1.7
41,Indianapolis,RCA Championships,7/18/06,International,Outdoor,Hard,1st Round,3,Mello R.,Lisnard J.R.,142,164,308,249,7,5,7,5,,,,,,,2,0,Completed,1.36,2.87,1.33,3.2,1.3,3.35,1.377,3.45,1.33,3.15
41,Indianapolis,RCA Championships,7/18/06,International,Outdoor,Hard,1st Round,3,Delgado R.,Delic A.,103,199,408,201,4,6,6,2,7,6,,,,,2,1,Completed,1.61,2.2,1.65,2.2,1.6,2.3,1.709,2.31,1.65,2.18
41,Indianapolis,RCA Championships,7/18/06,International,Outdoor,Hard,1st Round,3,Burgsmuller L.,Fleishman Z.,185,180,219,224,6,2,6,3,,,,,,,2,0,Completed,1.83,1.83,1.93,1.83,1.85,1.9,2.09,1.84,1.84,1.92
41,Indianapolis,RCA Championships,7/18/06,International,Outdoor,Hard,1st Round,3,Becker B.,Navarro-Pastor I.,143,163,305,251,6,2,4,6,7,5,,,,,2,1,Completed,1.5,2.5,1.45,2.7,1.5,2.45,1.463,2.96,1.5,2.52
41,Indianapolis,RCA Championships,7/18/06,International,Outdoor,Hard,1st Round,3,Bastl G.,Healey N.,144,215,305,184,6,3,6,0,,,,,,,2,0,Completed,1.44,2.62,1.4,2.85,1.45,2.6,1.4,3.3,1.44,2.7
41,Indianapolis,RCA Championships,7/18/06,International,Outdoor,Hard,1st Round,3,Gonzalez F.,Querrey S.,16,200,1580,201,6,3,6,4,,,,,,,2,0,Completed,1.16,4.5,1.22,4.1,1.17,4.67,1.238,4.8,1.2,4.3
41,Indianapolis,RCA Championships,7/18/06,International,Outdoor,Hard,1st Round,3,Carlsen K.,Stoppini A.,123,260,367,145,7,6,6,4,,,,,,,2,0,Completed,1.5,2.5,1.57,2.35,1.5,2.45,1.556,2.7,1.63,2.2
41,Indianapolis,RCA Championships,7/18/06,International,Outdoor,Hard,1st Round,3,Lee H.T.,Philippoussis M.,98,125,422,359,6,4,7,6,,,,,,,2,0,Completed,2.5,1.5,2.4,1.55,2.46,1.51,2.55,1.606,2.45,1.52
41,Indianapolis,RCA Championships,7/18/06,International,Outdoor,Hard,1st Round,3,Arthurs W.,Levy H.,182,244,221,151,6,3,7,5,,,,,,,2,0,Completed,1.44,2.62,1.45,2.7,1.45,2.6,1.446,3.04,1.45,2.65
41,Indianapolis,RCA Championships,7/18/06,International,Outdoor,Hard,1st Round,3,Whitehouse W.,Gimelstob J.,512,85,50,493,6,3,7,5,,,,,,,2,0,Completed,3,1.36,2.85,1.4,2.6,1.45,2.88,1.481,2.75,1.42
41,Indianapolis,RCA Championships,7/18/06,International,Outdoor,Hard,2nd Round,3,Goldstein P.,Sabau R.,75,172,521,243,6,2,6,1,,,,,,,2,0,Completed,1.44,2.62,1.37,3,1.45,2.6,1.446,3.04,1.45,2.65
41,Indianapolis,RCA Championships,7/18/06,International,Outdoor,Hard,2nd Round,3,Ginepri R.,Falla A.,17,129,1480,350,4,6,7,5,7,5,,,,,2,1,Completed,1.33,3,1.37,3,1.34,3.12,1.37,3.5,1.4,2.85
41,Indianapolis,RCA Championships,7/18/06,International,Outdoor,Hard,2nd Round,3,Alves T.,Reynolds B.,132,121,337,368,6,4,6,4,,,,,,,2,0,Completed,2.37,1.53,2.4,1.55,2.35,1.55,2.42,1.658,2.5,1.5
41,Indianapolis,RCA Championships,7/18/06,International,Outdoor,Hard,2nd Round,3,Spadea V.,Mello R.,94,142,435,308,6,3,6,1,,,,,,,2,0,Completed,1.61,2.2,1.67,2.15,1.7,2.1,1.633,2.48,1.7,2.1
41,Indianapolis,RCA Championships,7/19/06,International,Outdoor,Hard,2nd Round,3,Morrison J.,Kim K.,183,90,221,446,6,2,6,2,,,,,,,2,0,Completed,2.1,1.66,2.1,1.7,2.03,1.73,2.38,1.676,2.1,1.7
41,Indianapolis,RCA Championships,7/19/06,International,Outdoor,Hard,2nd Round,3,Roddick A.,Delgado R.,11,103,1805,408,6,3,6,2,,,,,,,2,0,Completed,1.07,7.5,1.07,8,1.1,6.75,1.071,12,1.08,8
41,Indianapolis,RCA Championships,7/19/06,International,Outdoor,Hard,2nd Round,3,Haas T.,Bastl G.,21,144,1320,305,6,3,6,3,,,,,,,2,0,Completed,1.1,6.5,1.1,6.5,1.13,5.5,1.146,7.25,1.15,5.1
41,Indianapolis,RCA Championships,7/19/06,International,Outdoor,Hard,2nd Round,3,Malisse X.,Lee H.T.,42,98,826,422,7,6,6,1,,,,,,,2,0,Completed,1.57,2.25,1.62,2.25,1.6,2.3,1.667,2.4,1.66,2.15
41,Indianapolis,RCA Championships,7/19/06,International,Outdoor,Hard,2nd Round,3,Muller G.,Capdeville P.,76,137,519,322,6,2,6,3,,,,,,,2,0,Completed,2,1.72,2.15,1.67,2.17,1.64,2.39,1.671,2.15,1.67
41,Indianapolis,RCA Championships,7/19/06,International,Outdoor,Hard,2nd Round,3,Srichaphan P.,Arthurs W.,40,182,845,221,7,6,6,7,6,4,,,,,2,1,Completed,1.53,2.37,1.57,2.35,1.48,2.53,1.585,2.61,1.58,2.32
41,Indianapolis,RCA Championships,7/19/06,International,Outdoor,Hard,2nd Round,3,Carlsen K.,Hrbaty D.,123,22,367,1290,6,3,6,2,,,,,,,2,0,Completed,2.75,1.39,2.85,1.4,2.83,1.39,3.19,1.418,3.05,1.35
41,Indianapolis,RCA Championships,7/19/06,International,Outdoor,Hard,2nd Round,3,Mahut N.,Alves T.,70,132,569,337,6,4,3,6,6,3,,,,,2,1,Completed,1.39,2.75,1.45,2.7,1.45,2.6,1.51,2.81,1.44,2.7
41,Indianapolis,RCA Championships,7/19/06,International,Outdoor,Hard,2nd Round,3,Tursunov D.,Becker B.,31,143,980,305,6,3,5,7,2,1,,,,,1,1,Retired,1.28,3.5,1.28,3.55,1.28,3.46,1.269,4.42,1.23,3.8
41,Indianapolis,RCA Championships,7/19/06,International,Outdoor,Hard,2nd Round,3,Kunitsyn I.,Burgsmuller L.,92,185,440,219,7,5,6,2,,,,,,,2,0,Completed,1.57,2.25,1.65,2.2,1.65,2.2,1.704,2.32,1.62,2.24
41,Indianapolis,RCA Championships,7/19/06,International,Outdoor,Hard,2nd Round,3,Whitehouse W.,Safin M.,512,97,50,425,6,1,6,4,,,,,,,2,0,Completed,5,1.14,6,1.12,5.5,1.13,5.4,1.204,4.75,1.17
41,Indianapolis,RCA Championships,7/20/06,International,Outdoor,Hard,2nd Round,3,Blake J.,Udomchoke D.,6,109,2155,391,7,6,6,4,,,,,,,2,0,Completed,1.08,7,1.05,9,1.07,7.19,1.089,10.25,1.1,6.5
41,Indianapolis,RCA Championships,7/20/06,International,Outdoor,Hard,3rd Round,3,Srichaphan P.,Goldstein P.,40,75,845,521,5,7,6,3,7,6,,,,,2,1,Completed,1.5,2.5,1.4,2.85,1.45,2.6,1.481,2.88,1.45,2.65
41,Indianapolis,RCA Championships,7/20/06,International,Outdoor,Hard,3rd Round,3,Ginepri R.,Kunitsyn I.,17,92,1480,440,6,2,6,7,6,1,,,,,2,1,Completed,1.39,2.75,1.35,3.1,1.35,3.1,1.408,3.25,1.38,2.95
41,Indianapolis,RCA Championships,7/20/06,International,Outdoor,Hard,3rd Round,3,Malisse X.,Tursunov D.,42,31,826,980,7,6,3,6,6,3,,,,,2,1,Completed,1.83,1.83,2.1,1.7,2.1,1.7,2.12,1.82,2,1.77
41,Indianapolis,RCA Championships,7/20/06,International,Outdoor,Hard,3rd Round,3,Gonzalez F.,Spadea V.,16,94,1580,435,6,4,7,6,,,,,,,2,0,Completed,1.28,3.25,1.28,3.55,1.3,3.35,1.303,4,1.25,3.6
41,Indianapolis,RCA Championships,7/20/06,International,Outdoor,Hard,3rd Round,3,Mahut N.,Haas T.,70,21,569,1320,6,4,7,5,,,,,,,2,0,Completed,4.33,1.19,5,1.16,4.67,1.17,5.75,1.19,4.6,1.18
41,Indianapolis,RCA Championships,7/20/06,International,Outdoor,Hard,3rd Round,3,Blake J.,Whitehouse W.,6,512,2155,50,6,7,6,3,6,4,,,,,2,1,Completed,1.1,6.5,1.08,7.25,1.1,6.75,1.119,8.15,1.1,6.5
41,Indianapolis,RCA Championships,7/21/06,International,Outdoor,Hard,3rd Round,3,Roddick A.,Morrison J.,11,183,1805,221,7,6,7,5,,,,,,,2,0,Completed,1.07,7.5,1.06,8.5,1.1,6.75,1.083,11,1.09,7.3
41,Indianapolis,RCA Championships,7/21/06,International,Outdoor,Hard,3rd Round,3,Muller G.,Carlsen K.,76,123,519,367,6,1,6,2,,,,,,,2,0,Completed,1.9,1.8,1.9,1.85,1.85,1.9,1.877,2.04,1.9,1.86
41,Indianapolis,RCA Championships,7/21/06,International,Outdoor,Hard,Quarterfinals,3,Malisse X.,Gonzalez F.,42,16,826,1580,7,6,6,4,,,,,,,2,0,Completed,2.37,1.53,2.25,1.62,2.3,1.6,2.44,1.649,2.22,1.62
41,Indianapolis,RCA Championships,7/21/06,International,Outdoor,Hard,Quarterfinals,3,Ginepri R.,Srichaphan P.,17,40,1480,845,6,4,6,1,,,,,,,2,0,Completed,1.57,2.25,1.57,2.35,1.5,2.45,1.588,2.6,1.61,2.25
41,Indianapolis,RCA Championships,7/21/06,International,Outdoor,Hard,Quarterfinals,3,Roddick A.,Muller G.,11,76,1805,519,6,2,6,3,,,,,,,2,0,Completed,1.19,4.33,1.22,4.1,1.23,3.89,1.275,4.34,1.23,4
41,Indianapolis,RCA Championships,7/22/06,International,Outdoor,Hard,Quarterfinals,3,Blake J.,Mahut N.,6,70,2155,569,7,6,7,6,,,,,,,2,0,Completed,1.14,5,1.2,4.4,1.25,3.9,1.234,4.87,1.23,4
41,Indianapolis,RCA Championships,7/22/06,International,Outdoor,Hard,Semifinals,3,Roddick A.,Ginepri R.,11,17,1805,1480,7,5,6,3,,,,,,,2,0,Completed,1.3,3.39,1.35,3.1,1.35,3,1.332,3.71,1.34,3.15
41,Indianapolis,RCA Championships,7/22/06,International,Outdoor,Hard,Semifinals,3,Blake J.,Malisse X.,6,42,2155,826,6,3,2,6,6,1,,,,,2,1,Completed,1.3,3.39,1.28,3.55,1.37,2.92,1.333,3.7,1.34,3.2
41,Indianapolis,RCA Championships,7/23/06,International,Outdoor,Hard,The Final,3,Blake J.,Roddick A.,6,11,2155,1805,4,6,6,4,7,6,,,,,2,1,Completed,2.25,1.57,2.35,1.57,2.28,1.58,2.65,1.571,2.3,1.6
42,Stuttgart,Mercedes Cup,7/17/06,International Gold,Outdoor,Clay,1st Round,3,Junqueira D.,Rochus C.,162,68,252,585,6,3,2,6,7,6,,,,,2,1,Completed,,,3.2,1.33,3.22,1.32,3.59,1.358,3.05,1.35
42,Stuttgart,Mercedes Cup,7/17/06,International Gold,Outdoor,Clay,1st Round,3,Hartfield D.,Vik R.,151,72,270,539,3,6,7,6,6,4,,,,,2,1,Completed,2.1,1.66,2.1,1.7,1.9,1.85,1.99,1.917,1.96,1.8
42,Stuttgart,Mercedes Cup,7/17/06,International Gold,Outdoor,Clay,1st Round,3,Lapentti N.,Rieschick S.,140,393,314,78,4,6,6,3,6,1,,,,,2,1,Completed,,,,,,,,,1.29,3.4
42,Stuttgart,Mercedes Cup,7/17/06,International Gold,Outdoor,Clay,1st Round,3,Portas A.,Saretta F.,128,107,353,405,5,7,6,3,6,3,,,,,2,1,Completed,1.9,1.8,2.1,1.7,2.05,1.75,2.15,1.8,2,1.77
42,Stuttgart,Mercedes Cup,7/17/06,International Gold,Outdoor,Clay,1st Round,3,Armando H.,Kindlmann D.,201,268,199,137,6,4,6,3,,,,,,,2,0,Completed,1.8,1.9,1.77,2,1.8,1.95,1.806,2.14,1.77,2
42,Stuttgart,Mercedes Cup,7/17/06,International Gold,Outdoor,Clay,1st Round,3,Mayer F.,Beck A.,69,178,578,228,6,4,3,6,6,3,,,,,2,1,Completed,1.36,2.87,1.4,2.85,1.35,3.1,1.394,3.34,1.36,3
42,Stuttgart,Mercedes Cup,7/17/06,International Gold,Outdoor,Clay,1st Round,3,Wawrinka S.,Dlouhy L.,71,79,553,509,6,7,6,3,6,4,,,,,2,1,Completed,1.36,2.87,1.45,2.7,1.45,2.6,1.435,3.1,1.44,2.7
42,Stuttgart,Mercedes Cup,7/17/06,International Gold,Outdoor,Clay,1st Round,3,Seppi A.,Norman D.,64,120,605,368,7,6,6,4,,,,,,,2,0,Completed,1.33,3,1.3,3.4,1.35,3,1.424,3.16,1.34,3.12
42,Stuttgart,Mercedes Cup,7/18/06,International Gold,Outdoor,Clay,1st Round,3,Del Potro J.M.,Pavel A.,147,74,299,524,3,6,6,2,6,2,,,,,2,1,Completed,2.2,1.61,2.15,1.67,2.2,1.65,2.21,1.763,2.05,1.72
42,Stuttgart,Mercedes Cup,7/18/06,International Gold,Outdoor,Clay,1st Round,3,Gabashvili T.,Vanek J.,99,111,422,389,6,3,4,6,6,3,,,,,2,1,Completed,1.83,1.83,1.88,1.88,1.7,2.08,1.82,2.12,1.86,1.9
42,Stuttgart,Mercedes Cup,7/18/06,International Gold,Outdoor,Clay,1st Round,3,Monaco J.,Berrer M.,88,104,469,407,4,6,7,6,6,4,,,,,2,1,Completed,,,1.37,3,1.35,3.1,1.37,3.5,1.34,3.1
42,Stuttgart,Mercedes Cup,7/18/06,International Gold,Outdoor,Clay,1st Round,3,Novak J.,Bolelli S.,131,145,340,303,7,6,6,1,,,,,,,2,0,Completed,1.66,2.1,1.7,2.1,1.65,2.15,1.741,2.25,1.7,2.1
42,Stuttgart,Mercedes Cup,7/18/06,International Gold,Outdoor,Clay,1st Round,3,Marach O.,Popp T.,96,222,429,178,6,1,6,2,,,,,,,2,0,Completed,1.39,2.75,1.4,2.85,1.38,2.88,1.505,2.82,1.4,2.85
42,Stuttgart,Mercedes Cup,7/18/06,International Gold,Outdoor,Clay,1st Round,3,Zabaleta M.,Waske A.,184,100,221,420,6,3,3,6,6,3,,,,,2,1,Completed,2.62,1.44,,,2.45,1.5,2.63,1.578,2.62,1.46
42,Stuttgart,Mercedes Cup,7/18/06,International Gold,Outdoor,Clay,1st Round,3,Greul S.,Schuettler R.,82,77,498,518,7,5,7,5,,,,,,,2,0,Completed,1.72,2,1.67,2.15,1.6,2.3,1.775,2.19,1.72,2.05
42,Stuttgart,Mercedes Cup,7/18/06,International Gold,Outdoor,Clay,1st Round,3,Melzer J.,Kohlschreiber P.,83,65,495,592,,,,,,,,,,,,,Walkover,2.75,1.39,3.2,1.33,2.85,1.4,3.39,1.386,3.05,1.35
42,Stuttgart,Mercedes Cup,7/18/06,International Gold,Outdoor,Clay,2nd Round,3,Hartfield D.,Almagro N.,151,45,270,818,6,7,7,6,7,5,,,,,2,1,Completed,5.5,1.12,5.65,1.13,5.2,1.15,7.8,1.133,4.6,1.18
42,Stuttgart,Mercedes Cup,7/18/06,International Gold,Outdoor,Clay,2nd Round,3,Lapentti N.,Serra F.,140,47,314,800,5,7,7,6,6,2,,,,,2,1,Completed,2.75,1.39,2.8,1.42,2.6,1.45,2.91,1.474,3,1.37
42,Stuttgart,Mercedes Cup,7/18/06,International Gold,Outdoor,Clay,2nd Round,3,Junqueira D.,Volandri F.,162,57,252,665,6,3,6,4,,,,,,,2,0,Completed,3.75,1.25,3.85,1.25,3.35,1.3,4.3,1.278,3.25,1.32
42,Stuttgart,Mercedes Cup,7/18/06,International Gold,Outdoor,Clay,2nd Round,3,Berdych T.,Armando H.,15,201,1615,199,7,5,6,3,,,,,,,2,0,Completed,1.12,5.5,1.12,6,1.07,7.19,1.111,8.75,1.14,5.4
42,Stuttgart,Mercedes Cup,7/19/06,International Gold,Outdoor,Clay,2nd Round,3,Del Potro J.M.,Chela J.I.,147,44,299,820,6,2,4,6,6,1,,,,,2,1,Completed,2.2,1.61,2.1,1.7,2.1,1.7,2.25,1.741,2.1,1.7
42,Stuttgart,Mercedes Cup,7/19/06,International Gold,Outdoor,Clay,2nd Round,3,Horna L.,Portas A.,54,128,707,353,7,6,6,2,,,,,,,2,0,Completed,1.44,2.62,1.5,2.55,1.42,2.75,1.524,2.78,1.5,2.5
42,Stuttgart,Mercedes Cup,7/19/06,International Gold,Outdoor,Clay,2nd Round,3,Monaco J.,Vliegen K.,88,34,469,920,6,3,1,0,,,,,,,1,0,Retired,2.1,1.66,2,1.77,2.25,1.6,2.28,1.725,2.25,1.61
42,Stuttgart,Mercedes Cup,7/19/06,International Gold,Outdoor,Clay,2nd Round,3,Melzer J.,Mirnyi M.,83,52,495,720,6,3,6,1,,,,,,,2,0,Completed,2,1.72,2,1.77,1.95,1.8,2.26,1.735,2,1.77
42,Stuttgart,Mercedes Cup,7/19/06,International Gold,Outdoor,Clay,2nd Round,3,Zabaleta M.,Gaudio G.,184,14,221,1645,6,4,6,0,,,,,,,2,0,Completed,4,1.22,4.4,1.2,4.45,1.18,5.41,1.208,4.6,1.18
42,Stuttgart,Mercedes Cup,7/19/06,International Gold,Outdoor,Clay,2nd Round,3,Marach O.,Gasquet R.,96,48,429,775,6,4,6,2,,,,,,,2,0,Completed,7.5,1.07,7.25,1.08,6.68,1.09,10,1.091,7.2,1.09
42,Stuttgart,Mercedes Cup,7/19/06,International Gold,Outdoor,Clay,2nd Round,3,Koubek S.,Gabashvili T.,124,99,367,422,7,6,6,2,,,,,,,2,0,Completed,,,2.6,1.48,2.75,1.42,3,1.455,2.75,1.42
42,Stuttgart,Mercedes Cup,7/19/06,International Gold,Outdoor,Clay,2nd Round,3,Wawrinka S.,Phau B.,71,61,553,629,6,7,6,2,6,3,,,,,2,1,Completed,1.33,3.25,1.3,3.4,1.3,3.35,1.364,3.55,1.31,3.3
42,Stuttgart,Mercedes Cup,7/19/06,International Gold,Outdoor,Clay,2nd Round,3,Ferrer D.,Novak J.,18,131,1475,340,6,3,6,1,,,,,,,2,0,Completed,1.36,3,1.37,3,1.45,2.6,1.408,3.25,1.38,2.92
42,Stuttgart,Mercedes Cup,7/19/06,International Gold,Outdoor,Clay,2nd Round,3,Greul S.,Youzhny M.,82,50,498,755,6,7,7,5,6,4,,,,,2,1,Completed,2,1.72,2,1.77,1.95,1.8,2.12,1.82,1.92,1.82
42,Stuttgart,Mercedes Cup,7/19/06,International Gold,Outdoor,Clay,2nd Round,3,Acasuso J.,Seppi A.,32,64,970,605,6,4,7,6,,,,,,,2,0,Completed,1.36,3,1.35,3.1,1.4,2.85,1.435,3.1,1.37,3
42,Stuttgart,Mercedes Cup,7/19/06,International Gold,Outdoor,Clay,2nd Round,3,Mayer F.,Simon G.,69,46,578,817,7,6,6,2,,,,,,,2,0,Completed,2.1,1.66,2.1,1.7,2.05,1.75,2.37,1.68,2.1,1.7
42,Stuttgart,Mercedes Cup,7/20/06,International Gold,Outdoor,Clay,3rd Round,3,Lapentti N.,Hartfield D.,140,151,314,270,7,6,6,2,,,,,,,2,0,Completed,2,1.72,2.1,1.7,2,1.75,2.31,1.709,2.15,1.67
42,Stuttgart,Mercedes Cup,7/20/06,International Gold,Outdoor,Clay,3rd Round,3,Horna L.,Zabaleta M.,54,184,707,221,6,3,6,7,6,4,,,,,2,1,Completed,1.72,2,1.65,2.2,1.6,2.3,1.694,2.34,1.67,2.15
42,Stuttgart,Mercedes Cup,7/20/06,International Gold,Outdoor,Clay,3rd Round,3,Berdych T.,Junqueira D.,15,162,1615,252,6,1,6,4,,,,,,,2,0,Completed,1.11,6,1.14,5.4,1.15,5.2,1.165,6.46,1.14,5.25
42,Stuttgart,Mercedes Cup,7/20/06,International Gold,Outdoor,Clay,3rd Round,3,Monaco J.,Melzer J.,88,83,469,495,6,4,6,7,6,4,,,,,2,1,Completed,1.72,2,1.67,2.15,1.63,2.2,1.709,2.31,1.73,2.05
42,Stuttgart,Mercedes Cup,7/20/06,International Gold,Outdoor,Clay,3rd Round,3,Marach O.,Koubek S.,96,124,429,367,6,4,6,4,,,,,,,2,0,Completed,1.5,2.5,1.55,2.4,1.63,2.2,1.625,2.5,1.6,2.28
42,Stuttgart,Mercedes Cup,7/20/06,International Gold,Outdoor,Clay,3rd Round,3,Ferrer D.,Wawrinka S.,18,71,1475,553,6,3,6,4,,,,,,,2,0,Completed,1.44,2.62,1.55,2.4,1.51,2.46,1.581,2.62,1.52,2.45
42,Stuttgart,Mercedes Cup,7/20/06,International Gold,Outdoor,Clay,3rd Round,3,Acasuso J.,Greul S.,32,82,970,498,7,6,2,6,6,4,,,,,2,1,Completed,1.28,3.5,1.28,3.55,1.3,3.35,1.321,3.82,1.3,3.35
42,Stuttgart,Mercedes Cup,7/20/06,International Gold,Outdoor,Clay,3rd Round,3,Mayer F.,Del Potro J.M.,69,147,578,299,6,1,6,0,,,,,,,2,0,Completed,1.8,1.9,1.88,1.88,1.78,1.97,1.855,2.07,1.85,1.9
42,Stuttgart,Mercedes Cup,7/21/06,International Gold,Outdoor,Clay,Quarterfinals,3,Monaco J.,Horna L.,88,54,469,707,5,2,,,,,,,,,0,0,Retired,2.2,1.61,2.3,1.6,2.15,1.65,2.36,1.685,2.2,1.64
42,Stuttgart,Mercedes Cup,7/21/06,International Gold,Outdoor,Clay,Quarterfinals,3,Berdych T.,Lapentti N.,15,140,1615,314,6,1,6,2,,,,,,,2,0,Completed,1.16,4.5,1.18,4.65,1.28,3.46,1.237,4.82,1.24,3.85
42,Stuttgart,Mercedes Cup,7/21/06,International Gold,Outdoor,Clay,Quarterfinals,3,Ferrer D.,Mayer F.,18,69,1475,578,6,4,6,3,,,,,,,2,0,Completed,1.33,3.25,1.37,3,1.39,2.83,1.418,3.19,1.37,3
42,Stuttgart,Mercedes Cup,7/21/06,International Gold,Outdoor,Clay,Quarterfinals,3,Acasuso J.,Marach O.,32,96,970,429,6,2,6,3,,,,,,,2,0,Completed,1.25,3.75,1.33,3.2,1.28,3.46,1.322,3.81,1.31,3.3
42,Stuttgart,Mercedes Cup,7/22/06,International Gold,Outdoor,Clay,Semifinals,3,Ferrer D.,Berdych T.,18,15,1475,1615,6,3,7,5,,,,,,,2,0,Completed,1.9,1.8,2.15,1.67,2.12,1.67,2.26,1.735,2.04,1.74
42,Stuttgart,Mercedes Cup,7/22/06,International Gold,Outdoor,Clay,Semifinals,3,Acasuso J.,Monaco J.,32,88,970,469,4,6,6,2,6,2,,,,,2,1,Completed,1.33,3.25,1.3,3.4,1.28,3.46,1.33,3.73,1.36,3.1
42,Stuttgart,Mercedes Cup,7/23/06,International Gold,Outdoor,Clay,The Final,5,Ferrer D.,Acasuso J.,18,32,1475,970,6,4,3,6,6,7,7,5,6,4,3,2,Completed,1.57,2.25,1.62,2.25,1.55,2.35,1.625,2.5,1.56,2.38
43,Kitzbuhel,Generali Open,7/24/06,International Gold,Outdoor,Clay,1st Round,3,Luczak P.,Minar I.,153,135,273,321,6,1,3,6,6,1,,,,,2,1,Completed,,,1.7,2.1,1.7,2.08,1.8,2.15,,
43,Kitzbuhel,Generali Open,7/24/06,International Gold,Outdoor,Clay,1st Round,3,Daniel M.,Montanes A.,90,95,456,433,6,4,6,3,,,,,,,2,0,Completed,2.2,1.61,2.3,1.6,2.3,1.6,2.44,1.649,2.27,1.6
43,Kitzbuhel,Generali Open,7/24/06,International Gold,Outdoor,Clay,1st Round,3,Haider-Mauer A.,Patriarca D.,603,284,35,128,6,7,6,2,6,3,,,,,2,1,Completed,,,,,,,1.901,2.01,,
43,Kitzbuhel,Generali Open,7/24/06,International Gold,Outdoor,Clay,1st Round,3,Calatrava A.,Junqueira D.,188,152,214,276,4,6,6,3,6,4,,,,,2,1,Completed,,,,,,,,,,
43,Kitzbuhel,Generali Open,7/24/06,International Gold,Outdoor,Clay,1st Round,3,Gremelmayr D.,Berrer M.,128,105,339,407,6,3,3,6,7,6,,,,,2,1,Completed,,,2.1,1.7,2.15,1.65,2.35,1.69,,
43,Kitzbuhel,Generali Open,7/24/06,International Gold,Outdoor,Clay,1st Round,3,Roitman S.,Sabau R.,114,170,381,238,6,4,6,3,,,,,,,2,0,Completed,1.36,2.87,1.37,3,1.42,2.75,1.36,3.58,1.4,2.85
43,Kitzbuhel,Generali Open,7/24/06,International Gold,Outdoor,Clay,1st Round,3,Vemic D.,Sandbichler A.,374,570,85,40,6,3,6,3,,,,,,,2,0,Completed,1.16,4.5,,,,,1.176,6.18,,
43,Kitzbuhel,Generali Open,7/24/06,International Gold,Outdoor,Clay,1st Round,3,Koubek S.,Marin J.A.,109,123,390,363,3,6,6,4,7,6,,,,,2,1,Completed,1.53,2.37,1.57,2.35,1.5,2.45,1.578,2.63,1.55,2.37
43,Kitzbuhel,Generali Open,7/24/06,International Gold,Outdoor,Clay,1st Round,3,Vassallo-Arguello M.,Norman D.,117,118,370,368,6,0,6,4,,,,,,,2,0,Completed,1.53,2.37,1.55,2.4,1.5,2.45,1.571,2.65,1.65,2.17
43,Kitzbuhel,Generali Open,7/25/06,International Gold,Outdoor,Clay,1st Round,3,Lapentti N.,Zib T.,116,142,374,310,7,6,6,3,,,,,,,2,0,Completed,1.44,2.62,1.45,2.7,1.45,2.6,1.446,3.04,1.46,2.62
43,Kitzbuhel,Generali Open,7/25/06,International Gold,Outdoor,Clay,1st Round,3,Monaco J.,Azzaro L.,73,295,554,123,6,4,6,2,,,,,,,2,0,Completed,1.19,4,1.2,4.4,1.18,4.56,1.204,5.39,1.23,3.9
43,Kitzbuhel,Generali Open,7/25/06,International Gold,Outdoor,Clay,1st Round,3,Waske A.,Kubot L.,103,138,410,318,6,3,3,6,7,6,,,,,2,1,Completed,1.44,2.62,1.45,2.7,1.48,2.53,1.49,2.84,1.45,2.65
43,Kitzbuhel,Generali Open,7/25/06,International Gold,Outdoor,Clay,1st Round,3,Massa E.,Eschauer W.,403,148,75,288,3,6,7,6,6,4,,,,,2,1,Completed,2.1,1.66,2,1.77,2.03,1.73,2.02,1.893,2.09,1.7
43,Kitzbuhel,Generali Open,7/25/06,International Gold,Outdoor,Clay,1st Round,3,Zabaleta M.,Schuettler R.,219,82,186,498,6,1,,,,,,,,,1,0,Retired,1.44,2.62,1.45,2.7,1.51,2.46,1.481,2.88,1.48,2.58
43,Kitzbuhel,Generali Open,7/25/06,International Gold,Outdoor,Clay,1st Round,3,Melzer J.,Hernandez O.,81,165,505,248,6,3,6,4,,,,,,,2,0,Completed,1.28,3.25,1.33,3.2,1.3,3.35,1.362,3.56,1.34,3.12
43,Kitzbuhel,Generali Open,7/25/06,International Gold,Outdoor,Clay,1st Round,3,Pavel A.,Daniel M.,75,90,524,456,6,4,6,4,,,,,,,2,0,Completed,,,1.57,2.35,1.5,2.45,1.552,2.71,1.55,2.37
43,Kitzbuhel,Generali Open,7/25/06,International Gold,Outdoor,Clay,2nd Round,3,Kohlschreiber P.,Luczak P.,65,153,589,273,7,6,7,5,,,,,,,2,0,Completed,,,1.5,2.55,1.5,2.45,1.535,2.74,1.56,2.35
43,Kitzbuhel,Generali Open,7/25/06,International Gold,Outdoor,Clay,2nd Round,3,Gremelmayr D.,Rochus C.,128,67,339,585,7,5,6,1,,,,,,,2,0,Completed,,,2.15,1.67,2.15,1.65,2.28,1.725,2.16,1.66
43,Kitzbuhel,Generali Open,7/25/06,International Gold,Outdoor,Clay,2nd Round,3,Youzhny M.,Vassallo-Arguello M.,50,117,755,370,0,6,6,4,7,6,,,,,2,1,Completed,,,1.7,2.1,1.7,2.1,1.68,2.37,1.74,2.04
43,Kitzbuhel,Generali Open,7/25/06,International Gold,Outdoor,Clay,2nd Round,3,Eitzinger R.,Marach O.,174,88,236,474,6,3,6,0,,,,,,,2,0,Completed,3.75,1.22,4.65,1.18,4.25,1.2,5.46,1.202,4.5,1.19
43,Kitzbuhel,Generali Open,7/26/06,International Gold,Outdoor,Clay,2nd Round,3,Nieminen J.,Roitman S.,15,114,1600,381,6,3,1,6,6,4,,,,,2,1,Completed,1.08,7,1.12,6,1.14,5.19,1.094,9.6,1.15,5
43,Kitzbuhel,Generali Open,7/26/06,International Gold,Outdoor,Clay,2nd Round,3,Massa E.,Seppi A.,403,68,75,581,7,6,7,6,,,,,,,2,0,Completed,2.75,1.39,2.85,1.4,2.67,1.44,2.86,1.485,2.84,1.4
43,Kitzbuhel,Generali Open,7/26/06,International Gold,Outdoor,Clay,2nd Round,3,Gaudio G.,Monaco J.,16,73,1490,554,7,6,4,1,,,,,,,2,0,Retired,1.53,2.37,1.53,2.4,1.65,2.15,1.625,2.5,1.59,2.28
43,Kitzbuhel,Generali Open,7/26/06,International Gold,Outdoor,Clay,2nd Round,3,Chela J.I.,Zabaleta M.,44,219,820,186,6,7,6,3,6,3,,,,,2,1,Completed,2.75,1.39,2.85,1.4,2.6,1.46,2.68,1.562,2.45,1.52
43,Kitzbuhel,Generali Open,7/26/06,International Gold,Outdoor,Clay,2nd Round,3,Mirnyi M.,Haider-Mauer A.,52,603,720,35,6,2,6,4,,,,,,,2,0,Completed,1.11,6,1.14,5.4,1.15,5.2,1.185,5.9,1.13,5.5
43,Kitzbuhel,Generali Open,7/26/06,International Gold,Outdoor,Clay,2nd Round,3,Koubek S.,Pashanski B.,109,77,390,512,6,1,3,6,6,2,,,,,2,1,Completed,1.44,2.62,1.5,2.55,1.48,2.53,1.485,2.86,1.47,2.6
43,Kitzbuhel,Generali Open,7/26/06,International Gold,Outdoor,Clay,2nd Round,3,Verdasco F.,Waske A.,24,103,1175,410,6,3,6,3,,,,,,,2,0,Completed,1.22,4,1.2,4.4,1.21,4.06,1.23,4.95,1.23,3.95
43,Kitzbuhel,Generali Open,7/26/06,International Gold,Outdoor,Clay,2nd Round,3,Vemic D.,Horna L.,374,51,85,752,7,6,5,2,,,,,,,2,0,Retired,2.62,1.44,2.6,1.48,2.45,1.5,3.3,1.4,2.5,1.5
43,Kitzbuhel,Generali Open,7/26/06,International Gold,Outdoor,Clay,2nd Round,3,Massu N.,Calatrava A.,34,188,970,214,3,6,7,5,7,6,,,,,2,1,Completed,1.12,5.5,1.16,5,1.15,5.2,1.152,7,1.15,5.05
43,Kitzbuhel,Generali Open,7/26/06,International Gold,Outdoor,Clay,2nd Round,3,Lapentti N.,Davydenko N.,116,6,374,2175,6,3,6,3,,,,,,,2,0,Completed,4.5,1.16,5,1.16,4.25,1.2,5.4,1.204,4.05,1.22
43,Kitzbuhel,Generali Open,7/26/06,International Gold,Outdoor,Clay,2nd Round,3,Calleri A.,Eitzinger R.,59,174,648,236,7,6,6,3,,,,,,,2,0,Completed,1.11,6,1.12,6,,,1.173,6.29,1.15,5.1
43,Kitzbuhel,Generali Open,7/26/06,International Gold,Outdoor,Clay,2nd Round,3,Melzer J.,Robredo T.,81,7,505,2050,6,2,7,5,,,,,,,2,0,Completed,4.33,1.19,4.1,1.22,4.06,1.21,4.43,1.268,4.05,1.22
43,Kitzbuhel,Generali Open,7/27/06,International Gold,Outdoor,Clay,3rd Round,3,Verdasco F.,Mirnyi M.,24,52,1175,720,6,4,7,5,,,,,,,2,0,Completed,1.33,3.25,1.32,3.25,1.32,3.22,1.334,3.69,1.35,3.05
43,Kitzbuhel,Generali Open,7/27/06,International Gold,Outdoor,Clay,3rd Round,3,Chela J.I.,Vemic D.,44,374,820,85,6,4,6,0,,,,,,,2,0,Completed,1.44,2.62,1.45,2.7,1.48,2.53,1.559,2.69,1.46,2.65
43,Kitzbuhel,Generali Open,7/27/06,International Gold,Outdoor,Clay,3rd Round,3,Kohlschreiber P.,Nieminen J.,65,15,589,1600,6,2,4,6,6,3,,,,,2,1,Completed,3,1.36,3,1.37,2.75,1.42,3.09,1.437,2.84,1.4
43,Kitzbuhel,Generali Open,7/27/06,International Gold,Outdoor,Clay,3rd Round,3,Calleri A.,Massu N.,59,34,648,970,6,2,7,6,,,,,,,2,0,Completed,1.9,1.8,1.88,1.88,1.8,1.95,2.02,1.893,1.88,1.88
43,Kitzbuhel,Generali Open,7/27/06,International Gold,Outdoor,Clay,3rd Round,3,Lapentti N.,Koubek S.,116,109,374,390,6,3,6,3,,,,,,,2,0,Completed,1.5,2.5,1.45,2.7,1.5,2.45,1.485,2.86,1.57,2.33
43,Kitzbuhel,Generali Open,7/27/06,International Gold,Outdoor,Clay,3rd Round,3,Youzhny M.,Massa E.,50,403,755,75,6,4,6,1,,,,,,,2,0,Completed,1.5,2.5,1.55,2.4,1.5,2.45,1.485,2.86,1.5,2.5
43,Kitzbuhel,Generali Open,7/27/06,International Gold,Outdoor,Clay,3rd Round,3,Melzer J.,Pavel A.,81,75,505,524,7,5,6,3,,,,,,,2,0,Completed,1.5,2.5,1.6,2.3,1.48,2.53,1.595,2.58,1.52,2.45
43,Kitzbuhel,Generali Open,7/27/06,International Gold,Outdoor,Clay,3rd Round,3,Gaudio G.,Gremelmayr D.,16,128,1490,339,6,7,7,6,6,0,,,,,2,1,Completed,1.16,4.5,1.18,4.65,1.2,4.25,1.224,5.06,1.18,4.55
43,Kitzbuhel,Generali Open,7/28/06,International Gold,Outdoor,Clay,Quarterfinals,3,Verdasco F.,Lapentti N.,24,116,1175,374,6,4,6,4,,,,,,,2,0,Completed,1.25,3.75,1.25,3.85,1.28,3.46,1.307,3.96,1.3,3.4
43,Kitzbuhel,Generali Open,7/28/06,International Gold,Outdoor,Clay,Quarterfinals,3,Calleri A.,Gaudio G.,59,16,648,1490,7,5,6,0,,,,,,,2,0,Completed,1.9,1.8,1.93,1.83,1.95,1.8,1.909,2,1.98,1.78
43,Kitzbuhel,Generali Open,7/28/06,International Gold,Outdoor,Clay,Quarterfinals,3,Youzhny M.,Melzer J.,50,81,755,505,6,3,3,6,6,3,,,,,2,1,Completed,3,1.36,2.55,1.5,2.6,1.45,3.02,1.45,2.75,1.43
43,Kitzbuhel,Generali Open,7/28/06,International Gold,Outdoor,Clay,Quarterfinals,3,Chela J.I.,Kohlschreiber P.,44,65,820,589,6,4,6,4,,,,,,,2,0,Completed,1.83,1.83,1.93,1.83,1.9,1.85,2.11,1.826,1.9,1.85
43,Kitzbuhel,Generali Open,7/29/06,International Gold,Outdoor,Clay,Semifinals,3,Calleri A.,Verdasco F.,59,24,648,1175,4,6,6,1,6,3,,,,,2,1,Completed,2.25,1.57,2.2,1.65,2.3,1.6,2.3,1.714,2.27,1.6
43,Kitzbuhel,Generali Open,7/29/06,International Gold,Outdoor,Clay,Semifinals,3,Chela J.I.,Youzhny M.,44,50,820,755,6,2,4,6,6,4,,,,,2,1,Completed,1.57,2.25,1.65,2.2,1.65,2.15,1.725,2.28,1.67,2.14
43,Kitzbuhel,Generali Open,7/30/06,International Gold,Outdoor,Clay,The Final,5,Calleri A.,Chela J.I.,59,44,648,820,7,6,6,2,6,3,,,,,3,0,Completed,1.53,2.37,1.55,2.4,1.6,2.3,1.565,2.67,1.63,2.22
44,Los Angeles,Countrywide Classic,7/24/06,International,Outdoor,Hard,1st Round,3,Kunitsyn I.,Tipsarevic J.,91,125,451,357,4,6,6,1,6,2,,,,,2,1,Completed,1.72,2,1.93,1.83,1.9,1.85,2.04,1.877,1.88,1.88
44,Los Angeles,Countrywide Classic,7/24/06,International,Outdoor,Hard,1st Round,3,Tursunov D.,Udomchoke D.,33,108,980,400,7,6,7,6,,,,,,,2,0,Completed,1.14,5,1.16,5,1.17,4.67,1.175,6.22,1.17,4.75
44,Los Angeles,Countrywide Classic,7/24/06,International,Outdoor,Hard,1st Round,3,Capdeville P.,Clement A.,137,54,318,677,6,4,3,6,6,4,,,,,2,1,Completed,2.37,1.53,2.4,1.55,2.4,1.55,2.75,1.541,2.37,1.55
44,Los Angeles,Countrywide Classic,7/24/06,International,Outdoor,Hard,1st Round,3,Gonzalez F.,Muller G.,17,72,1455,564,7,6,7,6,,,,,,,2,0,Completed,1.28,3.25,1.3,3.4,1.3,3.35,1.331,3.72,1.3,3.35
44,Los Angeles,Countrywide Classic,7/25/06,International,Outdoor,Hard,1st Round,3,Agassi A.,Malisse X.,18,38,1405,891,7,6,6,0,,,,,,,2,0,Completed,1.83,1.83,2,1.77,2.05,1.75,1.962,1.943,1.88,1.88
44,Los Angeles,Countrywide Classic,7/25/06,International,Outdoor,Hard,1st Round,3,Carlsen K.,Srichaphan P.,120,41,367,855,6,2,5,7,7,6,,,,,2,1,Completed,2.87,1.36,3.4,1.3,3.1,1.35,3.55,1.364,3.12,1.34
44,Los Angeles,Countrywide Classic,7/25/06,International,Outdoor,Hard,1st Round,3,Hrbaty D.,Fleishman Z.,22,178,1290,228,7,5,7,5,,,,,,,2,0,Completed,,,,,,,,,,
44,Los Angeles,Countrywide Classic,7/25/06,International,Outdoor,Hard,1st Round,3,Bastl G.,Mahut N.,158,64,265,607,6,3,7,6,,,,,,,2,0,Completed,2.75,1.39,2.85,1.4,,,3.05,1.444,2.7,1.44
44,Los Angeles,Countrywide Classic,7/25/06,International,Outdoor,Hard,1st Round,3,Haas T.,Arthurs W.,21,172,1320,236,6,4,6,4,,,,,,,2,0,Completed,1.25,3.5,1.25,3.85,3.46,1.28,1.262,4.51,1.3,3.4
44,Los Angeles,Countrywide Classic,7/25/06,International,Outdoor,Hard,1st Round,3,Burgsmuller L.,Yani M.,180,313,224,113,6,4,3,6,6,3,,,,,2,1,Completed,,,,,,,1.602,2.56,,
44,Los Angeles,Countrywide Classic,7/25/06,International,Outdoor,Hard,1st Round,3,Safin M.,Fish M.,97,71,430,566,6,4,7,5,,,,,,,2,0,Completed,1.57,2.25,1.65,2.2,1.67,2.125,1.662,2.41,1.62,2.22
44,Los Angeles,Countrywide Classic,7/26/06,International,Outdoor,Hard,1st Round,3,Querrey S.,Spadea V.,191,92,210,440,7,5,6,4,,,,,,,2,0,Completed,2.37,1.53,2.4,1.55,2.3,1.6,2.35,1.69,2.33,1.57
44,Los Angeles,Countrywide Classic,7/26/06,International,Outdoor,Hard,1st Round,3,Oudsema S.,Becker B.,390,140,79,313,7,5,6,3,,,,,,,2,0,Completed,,,,,3.35,1.3,3.86,1.316,3.5,1.28
44,Los Angeles,Countrywide Classic,7/26/06,International,Outdoor,Hard,1st Round,3,Goldstein P.,Hewitt L.,86,13,491,1700,6,4,6,4,,,,,,,2,0,Completed,5.5,1.12,6.3,1.11,6.75,1.1,6.64,1.16,5.3,1.14
44,Los Angeles,Countrywide Classic,7/26/06,International,Outdoor,Hard,1st Round,3,Ginepri R.,Gimelstob J.,20,85,1370,493,6,4,6,4,,,,,,,2,0,Completed,1.36,2.87,1.33,3.2,1.28,3.46,1.362,3.56,1.31,3.3
44,Los Angeles,Countrywide Classic,7/27/06,International,Outdoor,Hard,1st Round,3,Roddick A.,de Voest R.,10,136,1885,319,6,4,6,4,,,,,,,2,0,Completed,1.03,10,1.03,11,1.04,9.25,1.045,18,1.04,10
44,Los Angeles,Countrywide Classic,7/26/06,International,Outdoor,Hard,2nd Round,3,Gonzalez F.,Safin M.,17,97,1455,430,6,4,6,2,,,,,,,2,0,Completed,1.83,1.83,2,1.77,1.87,1.87,1.962,1.943,1.8,1.96
44,Los Angeles,Countrywide Classic,7/26/06,International,Outdoor,Hard,2nd Round,3,Haas T.,Capdeville P.,21,137,1320,318,6,3,4,6,6,1,,,,,2,1,Completed,1.16,4.5,1.16,5,1.21,4.06,,,1.22,4.05
44,Los Angeles,Countrywide Classic,7/26/06,International,Outdoor,Hard,2nd Round,3,Goldstein P.,Kunitsyn I.,86,91,491,451,6,4,6,4,,,,,,,2,0,Completed,1.57,2.25,,,1.6,2.3,,,1.52,2.45
44,Los Angeles,Countrywide Classic,7/27/06,International,Outdoor,Hard,2nd Round,3,Agassi A.,Bastl G.,18,158,1405,265,6,7,6,2,6,1,,,,,2,1,Completed,1.12,5.5,1.14,5.4,1.13,5.5,1.177,6.15,1.14,5.25
44,Los Angeles,Countrywide Classic,7/27/06,International,Outdoor,Hard,2nd Round,3,Hrbaty D.,Burgsmuller L.,22,180,1290,224,7,5,6,4,,,,,,,2,0,Completed,1.22,4,1.25,3.85,1.2,4.25,1.267,4.44,1.24,3.75
44,Los Angeles,Countrywide Classic,7/27/06,International,Outdoor,Hard,2nd Round,3,Tursunov D.,Querrey S.,33,191,980,210,7,5,6,4,,,,,,,2,0,Completed,1.33,3.25,1.33,3.2,1.3,3.35,1.392,3.35,1.27,3.45
44,Los Angeles,Countrywide Classic,7/28/06,International,Outdoor,Hard,2nd Round,3,Ginepri R.,Carlsen K.,20,120,1370,367,7,6,3,6,6,4,,,,,2,1,Completed,1.22,4,1.25,3.85,1.28,3.46,1.244,4.69,1.28,3.5
44,Los Angeles,Countrywide Classic,7/28/06,International,Outdoor,Hard,2nd Round,3,Roddick A.,Oudsema S.,10,390,1885,79,6,7,6,3,6,2,,,,,2,1,Completed,1.02,12,1.02,12,1.04,9.25,1.024,27,1.03,12
44,Los Angeles,Countrywide Classic,7/28/06,International,Outdoor,Hard,Quarterfinals,3,Gonzalez F.,Agassi A.,17,18,1455,1405,6,4,3,6,7,5,,,,,2,1,Completed,1.61,2.2,1.67,2.15,1.65,2.15,1.758,2.22,1.76,2
44,Los Angeles,Countrywide Classic,7/29/06,International,Outdoor,Hard,Quarterfinals,3,Haas T.,Goldstein P.,21,86,1320,491,6,3,6,4,,,,,,,2,0,Completed,1.25,3.75,1.25,3.85,1.25,3.75,1.264,4.49,1.24,4
44,Los Angeles,Countrywide Classic,7/29/06,International,Outdoor,Hard,Quarterfinals,3,Hrbaty D.,Ginepri R.,22,20,1290,1370,7,6,6,2,,,,,,,2,0,Completed,2.62,1.44,2.6,1.48,2.4,1.53,2.67,1.565,2.6,1.47
44,Los Angeles,Countrywide Classic,7/29/06,International,Outdoor,Hard,Quarterfinals,3,Tursunov D.,Roddick A.,33,10,980,1885,,,,,,,,,,,,,Walkover,2.75,1.39,2.7,1.45,2.4,1.53,2.7,1.556,2.25,1.6
44,Los Angeles,Countrywide Classic,7/30/06,International,Outdoor,Hard,Semifinals,3,Haas T.,Hrbaty D.,21,22,1320,1290,6,2,7,5,,,,,,,2,0,Completed,1.44,2.62,1.5,2.55,1.58,2.28,1.592,2.59,1.55,2.37
44,Los Angeles,Countrywide Classic,7/30/06,International,Outdoor,Hard,Semifinals,3,Tursunov D.,Gonzalez F.,33,17,980,1455,6,4,6,2,,,,,,,2,0,Completed,2.5,1.5,2.45,1.53,2.35,1.55,2.84,1.49,2.42,1.53
44,Los Angeles,Countrywide Classic,7/30/06,International,Outdoor,Hard,The Final,3,Haas T.,Tursunov D.,21,33,1320,980,4,6,7,5,6,3,,,,,2,1,Completed,1.53,2.37,1.5,2.55,1.5,2.45,1.581,2.62,1.55,2.37
45,Umag,Croatia Open,7/24/06,International,Outdoor,Clay,1st Round,3,Dlouhy L.,Benneteau J.,79,53,509,706,2,6,6,3,6,2,,,,,2,1,Completed,1.72,2,1.77,2,1.75,2,1.746,2.24,,
45,Umag,Croatia Open,7/24/06,International,Outdoor,Clay,1st Round,3,Volandri F.,Gicquel M.,57,84,665,496,6,1,,,,,,,,,1,0,Retired,1.5,2.5,1.53,2.45,1.5,2.45,1.503,2.84,1.5,2.38
45,Umag,Croatia Open,7/24/06,International,Outdoor,Clay,1st Round,3,Greul S.,di Mauro A.,76,93,513,439,7,5,7,6,,,,,,,2,0,Completed,1.39,2.75,1.37,3,1.35,3.1,1.385,3.4,1.45,2.65
45,Umag,Croatia Open,7/24/06,International,Outdoor,Clay,1st Round,3,Cilic M.,Korolev E.,209,115,191,377,6,7,6,4,6,3,,,,,2,1,Completed,2.5,1.5,2.45,1.53,2.53,1.48,2.64,1.575,2.5,1.5
45,Umag,Croatia Open,7/24/06,International,Outdoor,Clay,1st Round,3,Vanek J.,Ventura S.,110,288,389,126,7,5,6,4,,,,,,,2,0,Completed,1.33,3,,,,,1.37,3.5,,
45,Umag,Croatia Open,7/24/06,International,Outdoor,Clay,1st Round,3,Hernych J.,Cipolla F.,104,143,408,309,6,2,6,1,,,,,,,2,0,Completed,1.61,2.2,,,1.75,2,1.73,2.27,,
45,Umag,Croatia Open,7/24/06,International,Outdoor,Clay,1st Round,3,Portas A.,Ferrero J.C.,122,30,363,1055,7,6,6,7,7,5,,,,,2,1,Completed,5.5,1.12,5.25,1.15,4.67,1.17,6.3,1.172,5.08,1.15
45,Umag,Croatia Open,7/25/06,International,Outdoor,Clay,1st Round,3,Vik R.,Coria G.,74,27,529,1085,6,2,6,3,,,,,,,2,0,Completed,3.5,1.25,3.4,1.3,3.46,1.28,3.53,1.366,3.42,1.29
45,Umag,Croatia Open,7/25/06,International,Outdoor,Clay,1st Round,3,Berlocq C.,Galvani S.,111,113,387,381,6,2,6,2,,,,,,,2,0,Completed,,,,,,,2.48,1.633,,
45,Umag,Croatia Open,7/25/06,International,Outdoor,Clay,1st Round,3,Ramirez-Hidalgo R.,Vicente F.,55,100,677,416,5,6,6,0,6,1,,,,,2,1,Completed,1.36,2.87,1.35,3.1,1.37,2.92,1.365,3.54,1.4,2.84
45,Umag,Croatia Open,7/25/06,International,Outdoor,Clay,1st Round,3,Guzman J.P.,Garcia-Lopez G.,373,80,85,508,4,6,6,3,6,3,,,,,2,1,Completed,2.62,1.44,2.7,1.45,2.85,1.4,3.18,1.42,2.85,1.4
45,Umag,Croatia Open,7/25/06,International,Outdoor,Clay,1st Round,3,Del Potro J.M.,Sluiter R.,133,94,328,437,6,3,6,2,,,,,,,2,0,Completed,1.57,2.25,1.55,2.4,1.5,2.45,1.578,2.63,1.57,2.33
45,Umag,Croatia Open,7/25/06,International,Outdoor,Clay,1st Round,3,Ianni S.,Gabashvili T.,559,99,43,425,6,6,,,,,,,,,0,0,Retired,3.75,1.22,,,,,4.27,1.28,3.85,1.24
45,Umag,Croatia Open,7/25/06,International,Outdoor,Clay,1st Round,3,Djokovic N.,Belic L.,28,1543,1071,1,6,3,6,3,,,,,,,2,0,Completed,1.03,10,1.05,9,1.06,7.79,1.05,16,1.04,10
45,Umag,Croatia Open,7/25/06,International,Outdoor,Clay,1st Round,3,Wawrinka S.,Martin A.,69,48,573,779,7,6,6,4,,,,,,,2,0,Completed,1.61,2.2,1.67,2.15,1.7,2.1,1.685,2.36,1.75,2.02
45,Umag,Croatia Open,7/25/06,International,Outdoor,Clay,1st Round,3,Moya C.,Novak J.,42,130,830,330,6,4,6,7,7,6,,,,,2,1,Completed,1.44,2.62,1.42,2.8,1.48,2.53,1.503,2.84,1.45,2.65
45,Umag,Croatia Open,7/26/06,International,Outdoor,Clay,2nd Round,3,Portas A.,Hernych J.,122,104,363,408,5,7,6,4,6,2,,,,,2,1,Completed,1.83,1.83,1.93,1.83,1.87,1.87,1.962,1.943,1.88,1.88
45,Umag,Croatia Open,7/26/06,International,Outdoor,Clay,2nd Round,3,Wawrinka S.,Cilic M.,69,209,573,191,6,4,2,6,6,4,,,,,2,1,Completed,1.5,2.5,1.5,2.55,1.55,2.35,1.585,2.61,1.48,2.56
45,Umag,Croatia Open,7/26/06,International,Outdoor,Clay,2nd Round,3,Del Potro J.M.,Vik R.,133,74,328,529,2,6,6,4,6,3,,,,,2,1,Completed,1.57,2.25,1.65,2.2,1.65,2.15,1.685,2.36,1.7,2.1
45,Umag,Croatia Open,7/26/06,International,Outdoor,Clay,2nd Round,3,Volandri F.,Ramirez-Hidalgo R.,57,55,665,677,4,6,7,6,7,6,,,,,2,1,Completed,1.8,1.9,1.83,1.93,1.8,1.95,1.8,2.15,1.88,1.88
45,Umag,Croatia Open,7/27/06,International,Outdoor,Clay,2nd Round,3,Guzman J.P.,Berlocq C.,373,111,85,387,3,6,6,3,6,2,,,,,2,1,Completed,1.72,2,1.77,2,1.8,1.95,1.901,2.01,1.82,1.93
45,Umag,Croatia Open,7/27/06,International,Outdoor,Clay,2nd Round,3,Vanek J.,Dlouhy L.,110,79,389,509,7,6,6,4,,,,,,,2,0,Completed,2.37,1.53,2.3,1.6,2.25,1.6,2.47,1.637,2.26,1.6
45,Umag,Croatia Open,7/27/06,International,Outdoor,Clay,2nd Round,3,Djokovic N.,Ianni S.,28,559,1071,43,6,3,6,4,,,,,,,2,0,Completed,1.02,12,1.04,10,1.04,9.25,1.033,23,1.04,10
45,Umag,Croatia Open,7/27/06,International,Outdoor,Clay,2nd Round,3,Moya C.,Greul S.,42,76,830,513,6,2,6,1,,,,,,,2,0,Completed,1.33,3.25,1.35,3.1,1.42,2.75,1.391,3.36,1.39,2.88
45,Umag,Croatia Open,7/28/06,International,Outdoor,Clay,Quarterfinals,3,Volandri F.,Portas A.,57,122,665,363,7,6,6,4,,,,,,,2,0,Completed,1.39,2.75,1.45,2.7,1.44,2.67,1.448,3.03,1.48,2.56
45,Umag,Croatia Open,7/28/06,International,Outdoor,Clay,Quarterfinals,3,Wawrinka S.,Del Potro J.M.,69,133,573,328,6,1,2,6,6,4,,,,,2,1,Completed,1.39,2.75,1.45,2.7,1.48,2.53,1.465,2.95,1.5,2.5
45,Umag,Croatia Open,7/28/06,International,Outdoor,Clay,Quarterfinals,3,Moya C.,Guzman J.P.,42,373,830,85,6,1,6,4,,,,,,,2,0,Completed,1.1,6.5,,,1.13,5.5,1.143,7.3,1.13,5.5
45,Umag,Croatia Open,7/29/06,International,Outdoor,Clay,Quarterfinals,3,Djokovic N.,Vanek J.,28,110,1071,389,6,1,3,6,7,5,,,,,2,1,Completed,1.1,6.5,1.12,6,1.13,5.5,1.146,7.25,1.12,5.35
45,Umag,Croatia Open,7/29/06,International,Outdoor,Clay,Semifinals,3,Wawrinka S.,Volandri F.,69,57,573,665,7,5,2,6,6,4,,,,,2,1,Completed,2,1.72,2,1.77,2,1.75,2.04,1.877,1.98,1.78
45,Umag,Croatia Open,7/29/06,International,Outdoor,Clay,Semifinals,3,Djokovic N.,Moya C.,28,42,1071,830,6,1,7,5,,,,,,,2,0,Completed,1.66,2.1,1.77,2,1.87,1.87,1.833,2.1,1.8,1.97
45,Umag,Croatia Open,7/30/06,International,Outdoor,Clay,The Final,3,Wawrinka S.,Djokovic N.,69,28,573,1071,6,6,,,,,,,,,0,0,Retired,3.25,1.33,3.2,1.33,3.1,1.35,3.7,1.333,3,1.37
46,Sopot,Idea Prokom Open,7/31/06,International,Outdoor,Clay,1st Round,3,Davydenko N.,Rochus C.,6,68,2175,585,6,1,6,2,,,,,,,2,0,Completed,1.1,6,1.12,6,1.15,5.2,1.149,7.1,1.15,5
46,Sopot,Idea Prokom Open,7/31/06,International,Outdoor,Clay,1st Round,3,Przysiezny M.,Coria G.,364,33,92,935,5,6,,,,,,,,,0,0,Retired,,,5,1.16,4.67,1.17,6.4,1.167,5.05,1.15
46,Sopot,Idea Prokom Open,7/31/06,International,Outdoor,Clay,1st Round,3,Dlouhy L.,Ramirez-Hidalgo R.,85,56,484,682,6,4,6,2,,,,,,,2,0,Completed,1.83,1.83,2.3,1.6,2.45,1.5,2.3,1.714,1.67,2.12
46,Sopot,Idea Prokom Open,8/1/06,International,Outdoor,Clay,1st Round,3,Gaudio G.,Pashanski B.,20,77,1300,512,6,1,6,7,6,4,,,,,2,1,Completed,1.08,6.5,1.12,6,1.11,5.84,1.121,8.45,1.11,6
46,Sopot,Idea Prokom Open,8/1/06,International,Outdoor,Clay,1st Round,3,Monaco J.,Melzer J.,72,73,564,540,2,6,7,6,6,4,,,,,2,1,Completed,1.57,2.25,1.57,2.35,1.55,2.35,1.588,2.6,1.65,2.18
46,Sopot,Idea Prokom Open,8/1/06,International,Outdoor,Clay,1st Round,3,Vassallo-Arguello M.,Daniel M.,111,90,384,444,6,4,2,0,,,,,,,1,0,Retired,1.53,2.37,1.55,2.4,1.53,2.4,1.617,2.52,1.52,2.45
46,Sopot,Idea Prokom Open,8/1/06,International,Outdoor,Clay,1st Round,3,Vanek J.,di Mauro A.,100,97,414,429,7,6,6,0,,,,,,,2,0,Completed,1.36,2.87,1.45,2.7,1.5,2.45,1.45,3.02,1.47,2.6
46,Sopot,Idea Prokom Open,8/1/06,International,Outdoor,Clay,1st Round,3,Volandri F.,Gimeno-Traver D.,58,211,665,188,6,4,6,1,,,,,,,2,0,Completed,1.19,4,1.28,3.55,,,1.276,4.32,1.27,3.6
46,Sopot,Idea Prokom Open,8/1/06,International,Outdoor,Clay,1st Round,3,Berlocq C.,Kohlschreiber P.,112,61,383,634,6,0,6,2,,,,,,,2,0,Completed,3.5,1.25,3.2,1.33,3.35,1.3,3.9,1.313,3.15,1.33
46,Sopot,Idea Prokom Open,8/1/06,International,Outdoor,Clay,1st Round,3,Robredo T.,Minar I.,7,140,2050,311,7,6,3,6,6,4,,,,,2,1,Completed,1.08,6.5,1.08,7.25,1.1,6.75,1.078,11.26,1.1,6.5
46,Sopot,Idea Prokom Open,8/1/06,International,Outdoor,Clay,1st Round,3,Garcia-Lopez G.,Zabaleta M.,80,365,498,91,7,6,7,5,,,,,,,2,0,Completed,2.5,1.5,2.45,1.53,2.45,1.5,2.7,1.556,2.45,1.52
46,Sopot,Idea Prokom Open,8/1/06,International,Outdoor,Clay,1st Round,3,Sluiter R.,Panfil G.,94,911,437,12,6,1,6,3,,,,,,,2,0,Completed,1.28,3.25,,,1.35,3.1,1.375,3.47,1.35,3.1
46,Sopot,Idea Prokom Open,8/1/06,International,Outdoor,Clay,1st Round,3,Marach O.,Waske A.,87,102,474,410,6,4,7,6,,,,,,,2,0,Completed,1.57,2.25,1.6,2.3,1.55,2.35,1.725,2.28,1.63,2.2
46,Sopot,Idea Prokom Open,8/1/06,International,Outdoor,Clay,1st Round,3,Chela J.I.,Garcia A.,34,283,920,130,6,3,6,2,,,,,,,2,0,Completed,1.28,3.25,1.4,2.85,1.35,3,1.372,3.49,1.36,3
46,Sopot,Idea Prokom Open,8/1/06,International,Outdoor,Clay,1st Round,3,Calleri A.,Armando H.,39,206,893,192,6,4,2,6,7,6,,,,,2,1,Completed,1.19,4,1.25,3.85,1.28,3.46,1.285,4.21,1.25,3.8
46,Sopot,Idea Prokom Open,8/1/06,International,Outdoor,Clay,1st Round,3,Mayer F.,Kubot L.,60,138,644,315,6,1,6,2,,,,,,,2,0,Completed,1.19,4,1.28,3.55,1.26,3.59,1.293,4.11,1.27,3.6
46,Sopot,Idea Prokom Open,8/2/06,International,Outdoor,Clay,2nd Round,3,Marach O.,Gaudio G.,87,20,474,1300,5,7,6,4,7,6,,,,,2,1,Completed,4,1.22,3.85,1.25,3.59,1.26,4.13,1.292,3.6,1.27
46,Sopot,Idea Prokom Open,8/2/06,International,Outdoor,Clay,2nd Round,3,Berlocq C.,Dlouhy L.,112,85,383,484,5,7,7,5,6,0,,,,,2,1,Completed,2.5,1.5,2.6,1.48,2.45,1.5,2.76,1.538,2.28,1.6
46,Sopot,Idea Prokom Open,8/2/06,International,Outdoor,Clay,2nd Round,3,Volandri F.,Garcia-Lopez G.,58,80,665,498,6,3,3,6,6,4,,,,,2,1,Completed,1.44,2.62,1.45,2.7,1.45,2.6,1.4,3.3,1.46,2.62
46,Sopot,Idea Prokom Open,8/3/06,International,Outdoor,Clay,2nd Round,3,Calleri A.,Sluiter R.,39,94,893,437,6,4,6,4,,,,,,,2,0,Completed,1.19,4.33,1.2,4.4,1.2,4.25,1.218,5.18,1.24,3.85
46,Sopot,Idea Prokom Open,8/3/06,International,Outdoor,Clay,2nd Round,3,Chela J.I.,Vassallo-Arguello M.,34,111,920,384,6,2,6,1,,,,,,,2,0,Completed,1.39,2.75,1.48,2.6,1.48,2.53,1.543,2.74,1.42,2.77
46,Sopot,Idea Prokom Open,8/3/06,International,Outdoor,Clay,2nd Round,3,Davydenko N.,Monaco J.,6,72,2175,564,7,5,6,7,6,1,,,,,2,1,Completed,1.25,3.75,1.3,3.4,1.35,3,1.307,3.96,1.33,3.15
46,Sopot,Idea Prokom Open,8/3/06,International,Outdoor,Clay,2nd Round,3,Mayer F.,Robredo T.,60,7,644,2050,6,2,6,4,,,,,,,2,0,Completed,3.25,1.33,3.2,1.33,2.85,1.4,3.04,1.446,2.92,1.38
46,Sopot,Idea Prokom Open,8/3/06,International,Outdoor,Clay,2nd Round,3,Przysiezny M.,Vanek J.,364,100,92,414,6,3,6,1,,,,,,,2,0,Completed,3.75,1.25,3.55,1.28,3.35,1.3,3.72,1.331,3.55,1.27
46,Sopot,Idea Prokom Open,8/4/06,International,Outdoor,Clay,Quarterfinals,3,Davydenko N.,Berlocq C.,6,112,2175,383,6,0,6,4,,,,,,,2,0,Completed,1.08,7,1.11,6.25,1.13,5.5,1.125,8.2,1.13,5.6
46,Sopot,Idea Prokom Open,8/4/06,International,Outdoor,Clay,Quarterfinals,3,Volandri F.,Marach O.,58,87,665,474,6,2,6,3,,,,,,,2,0,Completed,1.39,2.75,1.45,2.7,1.4,2.85,1.42,3.18,1.39,2.9
46,Sopot,Idea Prokom Open,8/4/06,International,Outdoor,Clay,Quarterfinals,3,Calleri A.,Przysiezny M.,39,364,893,92,6,4,6,2,,,,,,,2,0,Completed,1.12,5.5,1.13,5.65,1.13,5.5,1.138,7.56,1.15,5.1
46,Sopot,Idea Prokom Open,8/4/06,International,Outdoor,Clay,Quarterfinals,3,Mayer F.,Chela J.I.,60,34,644,920,6,4,6,0,,,,,,,2,0,Completed,2,1.72,1.93,1.83,1.8,1.95,1.98,1.926,1.86,1.9
46,Sopot,Idea Prokom Open,8/5/06,International,Outdoor,Clay,Semifinals,3,Davydenko N.,Volandri F.,6,58,2175,665,6,2,6,4,,,,,,,2,0,Completed,1.33,3.25,1.33,3.2,1.35,3.1,1.355,3.62,1.34,3.15
46,Sopot,Idea Prokom Open,8/5/06,International,Outdoor,Clay,Semifinals,3,Mayer F.,Calleri A.,60,39,644,893,6,2,4,3,,,,,,,1,0,Retired,2.37,1.53,2.3,1.6,2.12,1.67,2.39,1.671,2.2,1.66
46,Sopot,Idea Prokom Open,8/6/06,International,Outdoor,Clay,The Final,3,Davydenko N.,Mayer F.,6,60,2175,644,7,6,5,7,6,4,,,,,2,1,Completed,1.3,3.39,1.33,3.2,1.37,2.92,1.358,3.59,1.3,3.4
47,Washington,Legg Mason Classic,7/31/06,International Gold,Outdoor,Hard,1st Round,3,Moodie W.,Querrey S.,86,182,483,225,2,6,7,6,7,6,,,,,2,1,Completed,2.5,1.5,2.55,1.5,2.6,1.45,2.47,1.637,2.6,1.47
47,Washington,Legg Mason Classic,7/31/06,International Gold,Outdoor,Hard,1st Round,3,Carlsen K.,Udomchoke D.,115,125,377,345,6,1,6,2,,,,,,,2,0,Completed,1.61,2.2,1.62,2.25,1.5,2.45,1.637,2.47,1.67,2.15
47,Washington,Legg Mason Classic,7/31/06,International Gold,Outdoor,Hard,1st Round,3,Kim K.,Oudsema S.,98,359,421,93,6,1,6,3,,,,,,,2,0,Completed,1.5,2.5,1.55,2.4,1.55,2.35,1.568,2.66,1.5,2.5
47,Washington,Legg Mason Classic,7/31/06,International Gold,Outdoor,Hard,1st Round,3,Gremelmayr D.,Whitehouse W.,120,402,363,75,6,2,6,2,,,,,,,2,0,Completed,2.37,1.53,2.35,1.57,2.45,1.5,2.52,1.617,2.39,1.54
47,Washington,Legg Mason Classic,8/1/06,International Gold,Outdoor,Hard,1st Round,3,King P.,Reynolds B.,387,127,82,338,7,6,3,6,6,3,,,,,2,1,Completed,2.62,1.44,2.7,1.45,2.75,1.42,1.86,1.485,2.55,1.48
47,Washington,Legg Mason Classic,8/1/06,International Gold,Outdoor,Hard,1st Round,3,Sweeting R.,Gimelstob J.,663,83,27,493,7,6,6,2,,,,,,,2,0,Completed,4,1.2,4.1,1.22,3.59,1.26,4.6,1.25,4.1,1.22
47,Washington,Legg Mason Classic,8/1/06,International Gold,Outdoor,Hard,1st Round,3,Tipsarevic J.,Venus M.,124,N/A,347,N/A,6,2,6,1,,,,,,,2,0,Completed,1.08,7,,,1.1,6.75,1.12,8.53,1.05,9
47,Washington,Legg Mason Classic,8/1/06,International Gold,Outdoor,Hard,1st Round,3,Safin M.,Kunitsyn I.,92,99,440,416,6,3,7,6,,,,,,,2,0,Completed,1.25,3.5,1.25,3.85,1.25,3.9,1.25,4.6,1.27,3.6
47,Washington,Legg Mason Classic,8/1/06,International Gold,Outdoor,Hard,1st Round,3,Stoppini A.,Goldstein P.,246,76,158,516,6,3,6,2,,,,,,,2,0,Completed,3.5,1.25,3.4,1.3,3.35,1.3,4.4,1.27,3.5,1.28
47,Washington,Legg Mason Classic,8/1/06,International Gold,Outdoor,Hard,1st Round,3,Spadea V.,Karanusic R.,93,152,440,277,7,5,1,0,,,,,,,1,0,Retired,1.5,2.5,1.53,2.45,1.5,2.45,1.578,2.63,1.5,2.5
47,Washington,Legg Mason Classic,8/1/06,International Gold,Outdoor,Hard,1st Round,3,Delgado R.,Luczak P.,109,149,391,283,6,4,6,4,,,,,,,2,0,Completed,1.72,2,1.81,1.95,1.75,2,1.99,1.917,1.82,1.95
47,Washington,Legg Mason Classic,8/1/06,International Gold,Outdoor,Hard,1st Round,3,Gabashvili T.,Faurel J.C.,123,148,353,288,6,3,6,3,,,,,,,2,0,Completed,1.8,1.9,1.88,1.88,1.87,1.87,1.901,2.01,1.88,1.88
47,Washington,Legg Mason Classic,8/1/06,International Gold,Outdoor,Hard,1st Round,3,Zib T.,Lisnard J.R.,141,168,310,245,7,5,6,4,,,,,,,2,0,Completed,1.57,2.25,1.6,2.3,1.5,2.45,1.633,2.48,1.64,2.2
47,Washington,Legg Mason Classic,8/1/06,International Gold,Outdoor,Hard,1st Round,3,Massa E.,Dev Varman S.,343,1380,100,2,6,4,6,0,,,,,,,2,0,Completed,1.25,3.5,,,1.35,3,1.314,3.88,1.33,3.14
47,Washington,Legg Mason Classic,8/2/06,International Gold,Outdoor,Hard,1st Round,3,Muller G.,Capdeville P.,89,131,449,327,3,6,7,6,4,0,,,,,1,1,Retired,1.44,2.62,1.48,2.6,1.5,2.45,1.613,2.53,1.52,2.45
47,Washington,Legg Mason Classic,8/2/06,International Gold,Outdoor,Hard,1st Round,3,Lee H.T.,Dancevic F.,88,96,472,431,2,6,6,3,6,2,,,,,2,1,Completed,1.53,2.37,1.57,2.35,1.6,2.25,1.51,2.81,1.5,2.5
47,Washington,Legg Mason Classic,8/1/06,International Gold,Outdoor,Hard,2nd Round,3,Carlsen K.,Srichaphan P.,115,43,377,855,4,6,7,6,6,3,,,,,2,1,Completed,2.1,1.66,2.1,1.7,2.12,1.67,2.33,1.699,2.34,1.55
47,Washington,Legg Mason Classic,8/1/06,International Gold,Outdoor,Hard,2nd Round,3,Henman T.,King P.,64,387,615,82,6,7,6,3,7,5,,,,,2,1,Completed,1.08,7,1.12,6,1.13,5.5,1.147,7.2,1.12,5.8
47,Washington,Legg Mason Classic,8/2/06,International Gold,Outdoor,Hard,2nd Round,3,Safin M.,Mahut N.,92,66,440,607,6,3,5,7,6,4,,,,,2,1,Completed,1.3,3.39,1.35,3.1,1.3,3.35,1.383,3.41,1.33,3.25
47,Washington,Legg Mason Classic,8/2/06,International Gold,Outdoor,Hard,2nd Round,3,Stoppini A.,Agassi A.,246,22,158,1270,6,4,6,3,,,,,,,2,0,Completed,7.5,1.07,6.25,1.11,6.25,1.1,10,1.091,5.7,1.12
47,Washington,Legg Mason Classic,8/2/06,International Gold,Outdoor,Hard,2nd Round,3,Moodie W.,Grosjean S.,86,31,483,1005,6,4,3,6,6,3,,,,,2,1,Completed,3.25,1.33,3,1.37,3.1,1.35,3.01,1.452,3,1.36
47,Washington,Legg Mason Classic,8/2/06,International Gold,Outdoor,Hard,2nd Round,3,Clement A.,Sweeting R.,57,663,677,27,6,2,6,1,,,,,,,2,0,Completed,1.28,3.5,1.28,3.55,,,1.357,3.6,1.26,3.65
47,Washington,Legg Mason Classic,8/2/06,International Gold,Outdoor,Hard,2nd Round,3,Blake J.,Kim K.,5,98,2340,421,7,5,3,6,6,2,,,,,2,1,Completed,1.08,7,1.11,6.25,1.1,6.23,1.091,10,1.1,6.4
47,Washington,Legg Mason Classic,8/2/06,International Gold,Outdoor,Hard,2nd Round,3,Murray A.,Delgado R.,35,109,916,391,6,4,6,3,,,,,,,2,0,Completed,1.28,3.5,1.3,3.4,1.3,3.35,1.278,4.3,1.32,3.25
47,Washington,Legg Mason Classic,8/2/06,International Gold,Outdoor,Hard,2nd Round,3,Tursunov D.,Massa E.,29,343,1060,100,3,6,6,1,3,3,,,,,1,1,Retired,1.16,4.5,1.14,5.4,1.18,4.45,1.151,7.01,1.17,4.75
47,Washington,Legg Mason Classic,8/2/06,International Gold,Outdoor,Hard,2nd Round,3,Gremelmayr D.,Phau B.,120,65,363,614,6,4,6,3,,,,,,,2,0,Completed,1.66,2.1,1.7,2.1,1.75,2,1.714,2.3,1.68,2.12
47,Washington,Legg Mason Classic,8/2/06,International Gold,Outdoor,Hard,2nd Round,3,Fish M.,Zib T.,70,141,571,310,6,4,6,4,,,,,,,2,0,Completed,1.19,4.33,1.22,4.1,1.25,3.9,1.22,5.14,1.25,3.75
47,Washington,Legg Mason Classic,8/2/06,International Gold,Outdoor,Hard,2nd Round,3,Gambill J.M.,Tipsarevic J.,503,124,51,347,2,6,6,3,6,0,,,,,2,1,Completed,3,1.36,2.8,1.42,2.85,1.4,3.1,1.435,2.92,1.38
47,Washington,Legg Mason Classic,8/3/06,International Gold,Outdoor,Hard,2nd Round,3,Hewitt L.,Spadea V.,12,93,1700,440,6,7,7,6,6,4,,,,,2,1,Completed,1.19,4.33,1.18,4.65,1.18,4.45,1.187,5.85,1.17,4.8
47,Washington,Legg Mason Classic,8/3/06,International Gold,Outdoor,Hard,2nd Round,3,Hrbaty D.,Muller G.,21,89,1290,449,4,6,6,4,6,3,,,,,2,1,Completed,1.57,2.25,1.6,2.3,1.58,2.28,1.637,2.47,1.58,2.32
47,Washington,Legg Mason Classic,8/3/06,International Gold,Outdoor,Hard,2nd Round,3,Lopez F.,Gabashvili T.,63,123,625,353,6,4,6,4,,,,,,,2,0,Completed,1.39,2.75,1.48,2.6,1.44,2.67,1.51,2.81,1.53,2.42
47,Washington,Legg Mason Classic,8/3/06,International Gold,Outdoor,Hard,2nd Round,3,Lee H.T.,Benneteau J.,88,55,472,703,6,3,6,4,,,,,,,2,0,Completed,1.61,2.2,1.6,2.3,1.61,2.23,1.645,2.45,1.6,2.28
47,Washington,Legg Mason Classic,8/3/06,International Gold,Outdoor,Hard,3rd Round,3,Clement A.,Hrbaty D.,57,21,677,1290,6,3,6,2,,,,,,,2,0,Completed,2.62,1.44,2.7,1.45,2.45,1.5,2.66,1.568,2.32,1.58
47,Washington,Legg Mason Classic,8/3/06,International Gold,Outdoor,Hard,3rd Round,3,Fish M.,Stoppini A.,70,246,571,158,6,3,6,1,,,,,,,2,0,Completed,1.25,3.75,1.28,3.55,1.28,3.46,1.286,4.2,1.3,3.35
47,Washington,Legg Mason Classic,8/3/06,International Gold,Outdoor,Hard,3rd Round,3,Hewitt L.,Gremelmayr D.,12,120,1700,363,6,1,6,4,,,,,,,2,0,Completed,1.12,5.5,1.14,5.4,1.15,5.2,1.213,5.3,1.16,4.9
47,Washington,Legg Mason Classic,8/4/06,International Gold,Outdoor,Hard,3rd Round,3,Moodie W.,Carlsen K.,86,115,483,377,6,3,6,7,7,6,,,,,2,1,Completed,2,1.72,2.15,1.67,2.1,1.7,2.26,1.735,2.04,1.74
47,Washington,Legg Mason Classic,8/4/06,International Gold,Outdoor,Hard,3rd Round,3,Murray A.,Lopez F.,35,63,916,625,7,5,6,2,,,,,,,2,0,Completed,1.53,2.37,1.53,2.45,1.6,2.3,1.585,2.61,1.55,2.38
47,Washington,Legg Mason Classic,8/4/06,International Gold,Outdoor,Hard,3rd Round,3,Safin M.,Blake J.,92,5,440,2340,7,6,7,6,,,,,,,2,0,Completed,2.62,1.44,2.7,1.45,2.45,1.5,2.95,1.465,2.62,1.46
47,Washington,Legg Mason Classic,8/4/06,International Gold,Outdoor,Hard,3rd Round,3,Henman T.,Gambill J.M.,64,503,615,51,6,1,6,3,,,,,,,2,0,Completed,1.25,3.75,1.28,3.55,1.28,3.46,1.3,4.03,1.3,3.4
47,Washington,Legg Mason Classic,8/4/06,International Gold,Outdoor,Hard,3rd Round,3,Tursunov D.,Lee H.T.,29,88,1060,472,6,7,7,5,6,3,,,,,2,1,Completed,1.5,2.5,1.48,2.6,1.45,2.6,1.51,2.81,1.54,2.4
47,Washington,Legg Mason Classic,8/4/06,International Gold,Outdoor,Hard,Quarterfinals,3,Clement A.,Hewitt L.,57,12,677,1700,7,6,6,4,,,,,,,2,0,Completed,4.5,1.16,4.4,1.2,3.89,1.23,4.85,1.235,4.6,1.18
47,Washington,Legg Mason Classic,8/4/06,International Gold,Outdoor,Hard,Quarterfinals,3,Murray A.,Fish M.,35,70,916,571,6,2,6,4,,,,,,,2,0,Completed,1.57,2.25,1.62,2.25,1.6,2.3,1.641,2.46,1.57,2.35
47,Washington,Legg Mason Classic,8/5/06,International Gold,Outdoor,Hard,Quarterfinals,3,Safin M.,Moodie W.,92,86,440,483,7,6,7,6,,,,,,,2,0,Completed,1.19,4.33,1.18,4.65,1.23,3.89,1.241,4.75,1.32,3.25
47,Washington,Legg Mason Classic,8/5/06,International Gold,Outdoor,Hard,Quarterfinals,3,Tursunov D.,Henman T.,29,64,1060,615,6,3,6,2,,,,,,,2,0,Completed,1.61,2.2,1.62,2.25,1.6,2.25,1.61,2.54,1.65,2.18
47,Washington,Legg Mason Classic,8/5/06,International Gold,Outdoor,Hard,Semifinals,3,Clement A.,Safin M.,57,92,677,440,7,6,7,6,,,,,,,2,0,Completed,3.25,1.33,3.35,1.3,3.35,1.3,3.86,1.316,3.25,1.32
47,Washington,Legg Mason Classic,8/6/06,International Gold,Outdoor,Hard,Semifinals,3,Murray A.,Tursunov D.,35,29,916,1060,6,2,7,5,,,,,,,2,0,Completed,1.8,1.9,1.85,1.9,1.95,1.8,2.12,1.82,1.9,1.85
47,Washington,Legg Mason Classic,8/6/06,International Gold,Outdoor,Hard,The Final,3,Clement A.,Murray A.,57,35,677,916,7,6,6,2,,,,,,,2,0,Completed,2.75,1.39,2.7,1.45,2.6,1.45,2.76,1.538,2.5,1.5
48,Toronto,Rogers Masters,8/7/06,Masters,Outdoor,Hard,1st Round,3,Ljubicic I.,Almagro N.,4,48,3125,788,7,5,6,1,,,,,,,2,0,Completed,1.07,7.5,1.08,7.25,1.1,6.75,1.147,7.2,1.12,5.8
48,Toronto,Rogers Masters,8/7/06,Masters,Outdoor,Hard,1st Round,3,Dancevic F.,Polansky P.,97,996,420,9,7,6,6,3,,,,,,,2,0,Completed,1.12,5.5,,,1.15,5.2,1.115,8.45,1.14,5.25
48,Toronto,Rogers Masters,8/7/06,Masters,Outdoor,Hard,1st Round,3,Acasuso J.,Phau B.,26,65,1105,614,7,5,7,6,,,,,,,2,0,Completed,1.44,2.62,1.55,2.4,1.48,2.53,1.543,2.74,1.5,2.5
48,Toronto,Rogers Masters,8/7/06,Masters,Outdoor,Hard,1st Round,3,Gonzalez F.,Soderling R.,16,40,1480,883,6,3,4,6,6,2,,,,,2,1,Completed,1.66,2.1,1.7,2.1,1.75,2.05,1.833,2.1,1.77,2
48,Toronto,Rogers Masters,8/7/06,Masters,Outdoor,Hard,1st Round,3,Johansson T.,Lopez F.,39,63,885,625,5,7,6,4,6,3,,,,,2,1,Completed,2.2,1.61,2.35,1.57,2.34,1.56,2.46,1.641,2.24,1.62
48,Toronto,Rogers Masters,8/7/06,Masters,Outdoor,Hard,1st Round,3,Gasquet R.,Santoro F.,51,44,775,811,6,4,6,3,,,,,,,2,0,Completed,1.39,2.75,1.48,2.6,1.42,2.75,1.562,2.68,1.45,2.65
48,Toronto,Rogers Masters,8/7/06,Masters,Outdoor,Hard,1st Round,3,Youzhny M.,Rusedski G.,45,72,805,555,6,4,6,2,,,,,,,2,0,Completed,1.53,2.37,1.6,2.3,1.58,2.28,1.637,2.47,1.62,2.24
48,Toronto,Rogers Masters,8/7/06,Masters,Outdoor,Hard,1st Round,3,Sanguinetti D.,Nalbandian D.,68,3,585,3185,6,1,6,2,,,,,,,2,0,Completed,6,1.11,6,1.12,,,7.81,1.133,5.65,1.13
48,Toronto,Rogers Masters,8/7/06,Masters,Outdoor,Hard,1st Round,3,Henman T.,Bjorkman J.,60,32,640,998,6,2,6,3,,,,,,,2,0,Completed,1.39,2.75,1.4,2.85,1.35,3.01,1.415,3.21,1.4,2.85
48,Toronto,Rogers Masters,8/7/06,Masters,Outdoor,Hard,1st Round,3,Hrbaty D.,Kendrick R.,21,156,1290,266,6,4,6,4,,,,,,,2,0,Completed,1.44,2.62,1.48,2.6,1.4,2.85,1.457,2.99,1.42,2.75
48,Toronto,Rogers Masters,8/7/06,Masters,Outdoor,Hard,1st Round,3,Berdych T.,Nestor D.,14,N/A,1600,N/A,6,4,7,5,,,,,,,2,0,Completed,1.04,10,1.03,11,1.04,9.25,1.045,18,1.05,10
48,Toronto,Rogers Masters,8/7/06,Masters,Outdoor,Hard,1st Round,3,Grosjean S.,Serra F.,33,46,990,800,6,3,6,2,,,,,,,2,0,Completed,1.44,2.62,1.45,2.7,1.45,2.6,1.442,3.06,1.52,2.45
48,Toronto,Rogers Masters,8/7/06,Masters,Outdoor,Hard,1st Round,3,Moya C.,Gaudio G.,49,20,785,1300,6,1,6,4,,,,,,,2,0,Completed,1.5,2.5,1.4,2.85,1.45,2.6,1.538,2.76,1.44,2.7
48,Toronto,Rogers Masters,8/8/06,Masters,Outdoor,Hard,1st Round,3,Srichaphan P.,Simon G.,47,52,790,775,6,4,6,2,,,,,,,2,0,Completed,1.5,2.5,1.55,2.4,1.6,2.3,1.613,2.53,1.57,2.33
48,Toronto,Rogers Masters,8/8/06,Masters,Outdoor,Hard,1st Round,3,Blake J.,Bester P.,6,705,2220,23,6,4,6,1,,,,,,,2,0,Completed,1.02,11,1.01,14,1.02,11.5,1.025,28.5,1.02,20
48,Toronto,Rogers Masters,8/8/06,Masters,Outdoor,Hard,1st Round,3,Benneteau J.,Baghdatis M.,57,10,703,1852,5,7,6,2,6,3,,,,,2,1,Completed,4.33,1.19,4.4,1.2,4.85,1.17,5.74,1.191,4.25,1.2
48,Toronto,Rogers Masters,8/8/06,Masters,Outdoor,Hard,1st Round,3,Haas T.,Mirnyi M.,17,54,1420,740,6,3,6,3,,,,,,,2,0,Completed,1.25,3.75,1.28,3.55,1.28,3.46,1.278,4.3,1.28,3.6
48,Toronto,Rogers Masters,8/8/06,Masters,Outdoor,Hard,1st Round,3,Ferrero J.C.,Goldstein P.,28,76,1055,516,7,5,6,2,,,,,,,2,0,Completed,1.5,2.5,1.55,2.4,1.48,2.53,1.568,2.66,1.48,2.55
48,Toronto,Rogers Masters,8/8/06,Masters,Outdoor,Hard,1st Round,3,Hernych J.,Mahut N.,112,66,393,607,6,3,6,3,,,,,,,2,0,Completed,1.83,1.83,1.93,1.83,1.95,1.8,2.2,1.769,1.84,1.92
48,Toronto,Rogers Masters,8/8/06,Masters,Outdoor,Hard,1st Round,3,Gremelmayr D.,Vliegen K.,117,37,382,910,7,6,6,2,,,,,,,2,0,Completed,,,,,,,,,,
48,Toronto,Rogers Masters,8/8/06,Masters,Outdoor,Hard,1st Round,3,Malisse X.,Davydenko N.,41,5,876,2275,6,3,7,5,,,,,,,2,0,Completed,1.72,2,1.7,2.1,1.65,2.15,1.685,2.36,1.7,2.1
48,Toronto,Rogers Masters,8/8/06,Masters,Outdoor,Hard,1st Round,3,Lee H.T.,Falla A.,85,128,487,351,6,0,6,7,6,1,,,,,2,1,Completed,1.44,2.62,1.42,2.8,1.4,2.85,1.467,2.94,1.45,2.65
48,Toronto,Rogers Masters,8/8/06,Masters,Outdoor,Hard,1st Round,3,Kim K.,Ginepri R.,96,19,426,1355,3,6,7,5,6,3,,,,,2,1,Completed,3.5,1.28,3,1.37,2.92,1.37,3.5,1.37,3.12,1.34
48,Toronto,Rogers Masters,8/8/06,Masters,Outdoor,Hard,1st Round,3,Nadal R.,Massu N.,2,38,4930,900,6,3,6,2,,,,,,,2,0,Completed,1.04,10,1.04,10,1.04,9.25,1.044,18.5,1.04,12
48,Toronto,Rogers Masters,8/8/06,Masters,Outdoor,Hard,1st Round,3,Tursunov D.,Bracciali D.,27,62,1095,632,4,6,6,1,6,4,,,,,2,1,Completed,1.28,3.5,1.25,3.85,1.26,3.8,1.239,4.79,1.29,3.45
48,Toronto,Rogers Masters,8/8/06,Masters,Outdoor,Hard,1st Round,3,Verdasco F.,Ram R.,25,265,1110,144,3,6,6,1,6,4,,,,,2,1,Completed,1.19,4.33,1.18,4.65,1.2,4.45,1.196,5.6,1.21,4.2
48,Toronto,Rogers Masters,8/8/06,Masters,Outdoor,Hard,1st Round,3,Robredo T.,Safin M.,7,77,2050,515,7,5,5,7,6,2,,,,,2,1,Completed,2.62,1.44,2.55,1.5,2.46,1.51,2.75,1.541,2.45,1.52
48,Toronto,Rogers Masters,8/8/06,Masters,Outdoor,Hard,1st Round,3,Nieminen J.,Gabashvili T.,15,125,1600,355,6,4,7,5,,,,,,,2,0,Completed,1.28,3.5,1.28,3.55,1.28,3.46,1.321,3.82,1.27,3.6
48,Toronto,Rogers Masters,8/8/06,Masters,Outdoor,Hard,1st Round,3,Clement A.,Martin A.,43,50,827,779,6,2,6,1,,,,,,,2,0,Completed,1.28,3.5,1.25,3.85,1.25,3.9,1.259,4.56,1.27,3.55
48,Toronto,Rogers Masters,8/9/06,Masters,Outdoor,Hard,1st Round,3,Murray A.,Ferrer D.,31,13,1035,1685,6,2,7,6,,,,,,,2,0,Completed,1.8,1.9,1.77,2,1.83,1.91,2.04,1.877,1.88,1.88
48,Toronto,Rogers Masters,8/9/06,Masters,Outdoor,Hard,1st Round,3,Federer R.,Mathieu P.H.,1,36,7260,910,6,3,6,4,,,,,,,2,0,Completed,1.02,12,1.01,14,1.01,13.5,1.029,26,1.02,20
48,Toronto,Rogers Masters,8/9/06,Masters,Outdoor,Hard,1st Round,3,Hewitt L.,Chela J.I.,12,35,1710,940,3,6,6,2,7,5,,,,,2,1,Completed,1.33,3.25,1.28,3.55,1.34,3.12,1.4,3.3,1.38,2.95
48,Toronto,Rogers Masters,8/9/06,Masters,Outdoor,Hard,2nd Round,3,Gonzalez F.,Ferrero J.C.,16,28,1480,1055,6,2,6,1,,,,,,,2,0,Completed,1.33,3.25,1.37,3,1.4,2.85,1.38,3.43,1.4,2.85
48,Toronto,Rogers Masters,8/9/06,Masters,Outdoor,Hard,2nd Round,3,Malisse X.,Srichaphan P.,41,47,876,790,7,6,6,3,,,,,,,2,0,Completed,1.53,2.37,1.53,2.45,1.5,2.45,1.538,2.76,1.6,2.3
48,Toronto,Rogers Masters,8/9/06,Masters,Outdoor,Hard,2nd Round,3,Moya C.,Gremelmayr D.,49,117,785,382,6,1,6,4,,,,,,,2,0,Completed,1.3,3.39,1.28,3.55,1.3,3.35,1.328,3.75,1.36,3.05
48,Toronto,Rogers Masters,8/9/06,Masters,Outdoor,Hard,2nd Round,3,Benneteau J.,Hrbaty D.,57,21,703,1290,7,6,5,7,6,1,,,,,2,1,Completed,2.75,1.39,2.8,1.42,2.85,1.4,3.01,1.452,2.5,1.5
48,Toronto,Rogers Masters,8/9/06,Masters,Outdoor,Hard,2nd Round,3,Acasuso J.,Robredo T.,26,7,1105,2050,2,6,6,3,6,4,,,,,2,1,Completed,2.75,1.39,2.7,1.45,2.65,1.45,2.76,1.538,2.5,1.5
48,Toronto,Rogers Masters,8/9/06,Masters,Outdoor,Hard,2nd Round,3,Berdych T.,Youzhny M.,14,45,1600,805,7,6,6,4,,,,,,,2,0,Completed,1.36,3,1.37,3,1.4,2.85,1.41,3.24,1.46,2.62
48,Toronto,Rogers Masters,8/9/06,Masters,Outdoor,Hard,2nd Round,3,Gasquet R.,Blake J.,51,6,775,2220,6,4,6,3,,,,,,,2,0,Completed,2.75,1.39,2.7,1.45,2.6,1.45,3.16,1.424,2.5,1.5
48,Toronto,Rogers Masters,8/9/06,Masters,Outdoor,Hard,2nd Round,3,Ljubicic I.,Clement A.,4,43,3125,827,7,6,6,4,,,,,,,2,0,Completed,1.36,3,1.4,2.85,1.4,2.85,1.417,3.2,1.37,3
48,Toronto,Rogers Masters,8/9/06,Masters,Outdoor,Hard,2nd Round,3,Federer R.,Grosjean S.,1,33,7260,990,6,3,6,3,,,,,,,2,0,Completed,1.01,15,1.02,12,1.03,10.5,1.021,34.71,1.02,20
48,Toronto,Rogers Masters,8/9/06,Masters,Outdoor,Hard,2nd Round,3,Murray A.,Henman T.,31,60,1035,640,6,2,7,6,,,,,,,2,0,Completed,1.44,2.62,1.5,2.55,1.55,2.35,1.541,2.75,1.45,2.65
48,Toronto,Rogers Masters,8/9/06,Masters,Outdoor,Hard,2nd Round,3,Sanguinetti D.,Hernych J.,68,112,585,393,6,4,7,6,,,,,,,2,0,Completed,1.72,2,1.88,1.88,1.75,2,1.935,1.971,1.86,1.9
48,Toronto,Rogers Masters,8/9/06,Masters,Outdoor,Hard,2nd Round,3,Verdasco F.,Kim K.,25,96,1110,426,6,3,6,2,,,,,,,2,0,Completed,1.39,2.75,1.42,2.8,1.4,2.85,1.476,2.9,1.4,2.85
48,Toronto,Rogers Masters,8/9/06,Masters,Outdoor,Hard,2nd Round,3,Tursunov D.,Haas T.,27,17,1095,1420,7,5,2,6,6,1,,,,,2,1,Completed,2.75,1.39,2.85,1.4,2.92,1.37,3.41,1.383,2.65,1.45
48,Toronto,Rogers Masters,8/10/06,Masters,Outdoor,Hard,2nd Round,3,Nadal R.,Lee H.T.,2,85,4930,487,6,4,6,3,,,,,,,2,0,Completed,1.02,13,1.02,12,1.03,10.5,1.042,20,1.02,20
48,Toronto,Rogers Masters,8/10/06,Masters,Outdoor,Hard,2nd Round,3,Johansson T.,Hewitt L.,39,12,885,1710,6,3,3,2,,,,,,,1,0,Retired,3.5,1.28,3.55,1.28,3.35,1.3,4.55,1.26,3.55,1.28
48,Toronto,Rogers Masters,8/10/06,Masters,Outdoor,Hard,2nd Round,3,Nieminen J.,Dancevic F.,15,97,1600,420,6,2,6,3,,,,,,,2,0,Completed,1.19,4.33,1.18,4.65,1.17,4.67,1.224,5.06,1.18,4.6
48,Toronto,Rogers Masters,8/10/06,Masters,Outdoor,Hard,3rd Round,3,Gonzalez F.,Ljubicic I.,16,4,1480,3125,6,4,6,7,7,6,,,,,2,1,Completed,2.5,1.5,2.45,1.55,2.4,1.55,2.55,1.606,2.37,1.55
48,Toronto,Rogers Masters,8/10/06,Masters,Outdoor,Hard,3rd Round,3,Acasuso J.,Benneteau J.,26,57,1105,703,6,3,7,6,,,,,,,2,0,Completed,1.61,2.2,1.65,2.25,1.6,2.3,1.61,2.54,1.57,2.35
48,Toronto,Rogers Masters,8/10/06,Masters,Outdoor,Hard,3rd Round,3,Gasquet R.,Verdasco F.,51,25,775,1110,6,0,4,6,6,2,,,,,2,1,Completed,1.36,3,1.35,3.2,1.4,2.85,1.394,3.34,1.35,3.1
48,Toronto,Rogers Masters,8/10/06,Masters,Outdoor,Hard,3rd Round,3,Murray A.,Moya C.,31,49,1035,785,6,2,6,4,,,,,,,2,0,Completed,1.44,2.62,1.55,2.45,1.53,2.4,1.474,2.91,1.44,2.7
48,Toronto,Rogers Masters,8/10/06,Masters,Outdoor,Hard,3rd Round,3,Malisse X.,Johansson T.,41,39,876,885,7,6,6,3,,,,,,,2,0,Completed,1.61,2.2,1.65,2.25,1.6,2.25,1.685,2.36,1.6,2.3
48,Toronto,Rogers Masters,8/10/06,Masters,Outdoor,Hard,3rd Round,3,Berdych T.,Nadal R.,14,2,1600,4930,6,1,3,6,6,2,,,,,2,1,Completed,6,1.12,5.65,1.14,5.5,1.13,6.5,1.164,4.6,1.18
48,Toronto,Rogers Masters,8/10/06,Masters,Outdoor,Hard,3rd Round,3,Nieminen J.,Sanguinetti D.,15,68,1600,585,3,6,6,3,7,6,,,,,2,1,Completed,1.25,3.75,1.28,3.65,1.28,3.46,1.294,4.1,1.28,3.55
48,Toronto,Rogers Masters,8/11/06,Masters,Outdoor,Hard,3rd Round,3,Federer R.,Tursunov D.,1,27,7260,1095,6,3,5,7,6,0,,,,,2,1,Completed,1.02,12,1.02,14,1.03,10.5,1.031,23.5,1.03,14
48,Toronto,Rogers Masters,8/11/06,Masters,Outdoor,Hard,Quarterfinals,3,Gasquet R.,Berdych T.,51,14,775,1600,6,4,6,1,,,,,,,2,0,Completed,2.1,1.66,2.2,1.67,2.1,1.7,2.39,1.671,2.07,1.72
48,Toronto,Rogers Masters,8/11/06,Masters,Outdoor,Hard,Quarterfinals,3,Murray A.,Nieminen J.,31,15,1035,1600,6,4,6,7,6,3,,,,,2,1,Completed,1.38,2.87,1.45,2.75,1.5,2.5,1.439,3.08,1.44,2.7
48,Toronto,Rogers Masters,8/12/06,Masters,Outdoor,Hard,Quarterfinals,3,Federer R.,Malisse X.,1,41,7260,876,7,6,6,7,6,3,,,,,2,1,Completed,1.02,12,1.02,14,1.03,10.5,1.024,31,1.02,20
48,Toronto,Rogers Masters,8/12/06,Masters,Outdoor,Hard,Quarterfinals,3,Gonzalez F.,Acasuso J.,16,26,1480,1105,6,1,7,5,,,,,,,2,0,Completed,1.28,3.5,1.25,3.9,1.25,3.75,1.299,4.04,1.3,3.4
48,Toronto,Rogers Masters,8/12/06,Masters,Outdoor,Hard,Semifinals,3,Gasquet R.,Murray A.,51,31,775,1035,6,2,7,5,,,,,,,2,0,Completed,1.44,2.62,1.4,2.95,1.45,2.6,1.461,2.97,1.42,2.8
48,Toronto,Rogers Masters,8/13/06,Masters,Outdoor,Hard,Semifinals,3,Federer R.,Gonzalez F.,1,16,7260,1480,6,1,5,7,6,3,,,,,2,1,Completed,1.04,10,1.02,14,1.04,9.25,1.059,14.5,1.05,10
48,Toronto,Rogers Masters,8/13/06,Masters,Outdoor,Hard,The Final,3,Federer R.,Gasquet R.,1,51,7260,775,2,6,6,3,6,2,,,,,2,1,Completed,1.1,6.5,1.08,8,1.12,5.66,1.103,8.71,1.1,7
49,Cincinnati,Western & Southern Financial Group Masters,8/14/06,Masters,Outdoor,Hard,1st Round,3,Baghdatis M.,Johansson T.,10,38,1852,925,7,6,7,6,,,,,,,2,0,Completed,1.57,2.25,1.6,2.35,1.64,2.17,1.578,2.63,1.6,2.3
49,Cincinnati,Western & Southern Financial Group Masters,8/14/06,Masters,Outdoor,Hard,1st Round,3,Serra F.,Benneteau J.,52,50,755,773,6,3,6,3,,,,,,,2,0,Completed,2.2,1.61,2.2,1.67,1.93,1.81,2.16,1.794,2.08,1.72
49,Cincinnati,Western & Southern Financial Group Masters,8/14/06,Masters,Outdoor,Hard,1st Round,3,Chela J.I.,Davydenko N.,35,6,940,2205,6,4,2,6,6,2,,,,,2,1,Completed,2.5,1.5,2.6,1.5,2.53,1.48,2.72,1.549,2.6,1.47
49,Cincinnati,Western & Southern Financial Group Masters,8/14/06,Masters,Outdoor,Hard,1st Round,3,Martin A.,Almagro N.,49,48,779,785,6,6,6,3,,,,,,,2,0,Completed,2.25,1.57,2.35,1.6,2.3,1.6,2.34,1.694,2.45,1.52
49,Cincinnati,Western & Southern Financial Group Masters,8/14/06,Masters,Outdoor,Hard,1st Round,3,Vliegen K.,Gicquel M.,39,85,910,479,7,6,7,6,,,,,,,2,0,Completed,1.61,2.2,1.75,2.06,1.7,2.1,1.714,2.3,1.67,2.15
49,Cincinnati,Western & Southern Financial Group Masters,8/14/06,Masters,Outdoor,Hard,1st Round,3,Nalbandian D.,de Voest R.,4,117,3155,375,6,0,6,4,,,,,,,2,0,Completed,1.12,5.5,1.14,5.65,1.17,4.67,1.157,6.75,1.16,4.9
49,Cincinnati,Western & Southern Financial Group Masters,8/14/06,Masters,Outdoor,Hard,1st Round,3,Tursunov D.,Grosjean S.,26,34,1110,950,4,6,6,4,6,3,,,,,2,1,Completed,1.53,2.37,1.62,2.3,1.65,2.15,1.637,2.47,1.64,2.2
49,Cincinnati,Western & Southern Financial Group Masters,8/14/06,Masters,Outdoor,Hard,1st Round,3,Lee H.T.,Clement A.,73,46,532,812,6,4,6,4,,,,,,,2,0,Completed,2.37,1.53,2.55,1.51,2.45,1.5,2.63,1.578,2.5,1.5
49,Cincinnati,Western & Southern Financial Group Masters,8/14/06,Masters,Outdoor,Hard,1st Round,3,Ginepri R.,Mathieu P.H.,18,57,1355,690,1,6,6,3,6,4,,,,,2,1,Completed,1.66,2.1,1.73,2.1,1.65,2.15,1.775,2.19,1.77,2
49,Cincinnati,Western & Southern Financial Group Masters,8/14/06,Masters,Outdoor,Hard,1st Round,3,Hrbaty D.,Goldstein P.,22,79,1200,507,6,4,6,3,,,,,,,2,0,Completed,1.36,3,1.48,2.65,1.4,2.85,1.493,2.83,1.4,2.85
49,Cincinnati,Western & Southern Financial Group Masters,8/14/06,Masters,Outdoor,Hard,1st Round,3,Sanguinetti D.,Vik R.,60,87,655,474,6,3,6,7,6,3,,,,,2,1,Completed,1.5,2.5,1.48,2.65,1.48,2.53,1.485,2.86,1.5,2.5
49,Cincinnati,Western & Southern Financial Group Masters,8/15/06,Masters,Outdoor,Hard,1st Round,3,Fish M.,Mahut N.,65,67,616,600,6,1,6,3,,,,,,,2,0,Completed,1.39,2.75,1.5,2.6,1.5,2.45,1.485,2.86,1.5,2.5
49,Cincinnati,Western & Southern Financial Group Masters,8/15/06,Masters,Outdoor,Hard,1st Round,3,Blake J.,Santoro F.,5,47,2235,811,6,4,6,4,,,,,,,2,0,Completed,1.16,4.5,1.18,4.85,1.17,4.67,1.19,5.75,1.22,4.1
49,Cincinnati,Western & Southern Financial Group Masters,8/15/06,Masters,Outdoor,Hard,1st Round,3,Spadea V.,Seppi A.,90,70,450,581,6,4,6,3,,,,,,,2,0,Completed,1.57,2.25,1.62,2.3,1.55,2.35,1.625,2.5,1.57,2.33
49,Cincinnati,Western & Southern Financial Group Masters,8/15/06,Masters,Outdoor,Hard,1st Round,3,Ferrer D.,Moya C.,16,42,1655,855,6,3,6,1,,,,,,,2,0,Completed,1.72,2,1.83,1.93,1.93,1.81,1.893,2.02,1.77,2
49,Cincinnati,Western & Southern Financial Group Masters,8/15/06,Masters,Outdoor,Hard,1st Round,3,Ferrero J.C.,Bjorkman J.,31,33,1015,953,6,6,,,,,,,,,0,0,Retired,1.36,3,1.33,3.3,1.28,3.46,1.394,3.34,1.28,3.5
49,Cincinnati,Western & Southern Financial Group Masters,8/15/06,Masters,Outdoor,Hard,1st Round,3,Murray A.,Henman T.,21,59,1210,670,4,6,6,4,7,5,,,,,2,1,Completed,1.3,3.39,1.33,3.3,1.35,3.1,1.395,3.33,1.32,3.25
49,Cincinnati,Western & Southern Financial Group Masters,8/15/06,Masters,Outdoor,Hard,1st Round,3,Haas T.,Verdasco F.,17,25,1455,1160,6,3,6,4,,,,,,,2,0,Completed,1.36,3,1.37,3.1,1.35,3.1,1.37,3.5,1.37,3
49,Cincinnati,Western & Southern Financial Group Masters,8/15/06,Masters,Outdoor,Hard,1st Round,3,Mirnyi M.,Malisse X.,56,36,710,926,7,5,4,6,6,3,,,,,2,1,Completed,3.5,1.28,3.1,1.37,2.92,1.37,3.54,1.365,3.3,1.31
49,Cincinnati,Western & Southern Financial Group Masters,8/15/06,Masters,Outdoor,Hard,1st Round,3,Simon G.,Dlouhy L.,51,94,771,439,6,4,6,4,,,,,,,2,0,Completed,1.5,2.5,1.57,2.4,1.44,2.67,1.51,2.81,1.55,2.38
49,Cincinnati,Western & Southern Financial Group Masters,8/15/06,Masters,Outdoor,Hard,1st Round,3,Monfils G.,Safin M.,29,74,1040,520,6,4,7,5,,,,,,,2,0,Completed,3.25,1.33,3.2,1.35,3.1,1.35,3.39,1.386,2.85,1.4
49,Cincinnati,Western & Southern Financial Group Masters,8/15/06,Masters,Outdoor,Hard,1st Round,3,Youzhny M.,Phau B.,44,66,835,614,6,2,6,3,,,,,,,2,0,Completed,1.33,3.25,1.33,3.3,1.3,3.35,1.333,3.7,1.26,3.65
49,Cincinnati,Western & Southern Financial Group Masters,8/15/06,Masters,Outdoor,Hard,1st Round,3,Soderling R.,Berdych T.,43,14,853,1690,6,4,6,3,,,,,,,2,0,Completed,2.75,1.39,2.95,1.4,2.56,1.47,3.08,1.439,2.85,1.4
49,Cincinnati,Western & Southern Financial Group Masters,8/15/06,Masters,Outdoor,Hard,1st Round,3,Gimelstob J.,Lopez F.,83,64,493,625,6,3,7,6,,,,,,,2,0,Completed,2.25,1.57,2.2,1.67,2.2,1.65,2.41,1.662,2.05,1.73
49,Cincinnati,Western & Southern Financial Group Masters,8/15/06,Masters,Outdoor,Hard,1st Round,3,Nadal R.,Querrey S.,2,178,4505,229,6,7,6,2,6,3,,,,,2,1,Completed,1.02,12,1.02,14,1.04,9.25,1.047,17.5,1.03,15
49,Cincinnati,Western & Southern Financial Group Masters,8/15/06,Masters,Outdoor,Hard,1st Round,3,Ljubicic I.,Rusedski G.,3,127,3195,335,6,3,6,4,,,,,,,2,0,Completed,1.08,7,1.08,8,1.1,6.75,1.071,12,1.06,8.5
49,Cincinnati,Western & Southern Financial Group Masters,8/15/06,Masters,Outdoor,Hard,1st Round,3,Djokovic N.,Nieminen J.,24,15,1168,1680,7,6,6,4,,,,,,,2,0,Completed,1.72,2,1.81,2,1.78,1.97,1.699,2.33,1.84,1.92
49,Cincinnati,Western & Southern Financial Group Masters,8/15/06,Masters,Outdoor,Hard,1st Round,3,Robredo T.,Gasquet R.,7,27,2010,1090,7,5,7,5,,,,,,,2,0,Completed,2.62,1.44,2.65,1.48,2.6,1.45,2.66,1.568,2.4,1.54
49,Cincinnati,Western & Southern Financial Group Masters,8/15/06,Masters,Outdoor,Hard,1st Round,3,Roddick A.,Bracciali D.,12,63,1740,627,6,7,7,6,7,6,,,,,2,1,Completed,1.14,5,1.17,5,1.2,4.25,1.213,5.3,1.19,4.5
49,Cincinnati,Western & Southern Financial Group Masters,8/15/06,Masters,Outdoor,Hard,1st Round,3,Wawrinka S.,Acasuso J.,54,20,728,1225,5,7,6,4,6,1,,,,,2,1,Completed,2.1,1.66,2.2,1.67,2.15,1.65,2.22,1.758,2.15,1.67
49,Cincinnati,Western & Southern Financial Group Masters,8/16/06,Masters,Outdoor,Hard,1st Round,3,Federer R.,Srichaphan P.,1,45,7760,820,7,5,6,4,,,,,,,2,0,Completed,1.01,15,1.02,14,1.01,13.5,1.027,28.17,1.02,20
49,Cincinnati,Western & Southern Financial Group Masters,8/16/06,Masters,Outdoor,Hard,1st Round,3,Gonzalez F.,Massu N.,13,40,1700,900,6,4,6,4,,,,,,,2,0,Completed,1.25,3.75,1.3,3.5,1.3,3.35,1.299,4.05,1.34,3.15
49,Cincinnati,Western & Southern Financial Group Masters,8/16/06,Masters,Outdoor,Hard,2nd Round,3,Nadal R.,Lee H.T.,2,73,4505,532,6,4,6,3,,,,,,,2,0,Completed,1.01,12,1.06,9,1.04,9.25,1.043,19,1.04,11
49,Cincinnati,Western & Southern Financial Group Masters,8/16/06,Masters,Outdoor,Hard,2nd Round,3,Baghdatis M.,Monfils G.,10,29,1852,1040,7,6,2,6,6,1,,,,,2,1,Completed,1.57,2.25,1.67,2.2,1.52,2.43,1.629,2.49,1.62,2.24
49,Cincinnati,Western & Southern Financial Group Masters,8/16/06,Masters,Outdoor,Hard,2nd Round,3,Haas T.,Simon G.,17,51,1455,771,6,3,4,6,6,4,,,,,2,1,Completed,1.16,4.5,1.13,6.25,1.13,5.5,1.143,7.31,1.15,5.1
49,Cincinnati,Western & Southern Financial Group Masters,8/16/06,Masters,Outdoor,Hard,2nd Round,3,Chela J.I.,Spadea V.,35,90,940,450,6,7,7,5,6,2,,,,,2,1,Completed,1.61,2.2,1.62,2.3,1.68,2.1,1.676,2.38,1.6,2.3
49,Cincinnati,Western & Southern Financial Group Masters,8/16/06,Masters,Outdoor,Hard,2nd Round,3,Ferrero J.C.,Blake J.,31,5,1015,2235,6,2,6,4,,,,,,,2,0,Completed,4.5,1.16,4.85,1.18,4.65,1.17,5.63,1.195,4.3,1.2
49,Cincinnati,Western & Southern Financial Group Masters,8/16/06,Masters,Outdoor,Hard,2nd Round,3,Soderling R.,Gimelstob J.,43,83,853,493,6,3,2,6,7,6,,,,,2,1,Completed,1.36,3,1.37,3.1,1.26,3.65,1.351,3.65,1.32,3.25
49,Cincinnati,Western & Southern Financial Group Masters,8/16/06,Masters,Outdoor,Hard,2nd Round,3,Ljubicic I.,Youzhny M.,3,44,3195,835,6,4,7,6,,,,,,,2,0,Completed,1.16,4.5,1.18,4.85,1.2,4.25,1.208,5.41,1.21,4.2
49,Cincinnati,Western & Southern Financial Group Masters,8/16/06,Masters,Outdoor,Hard,2nd Round,3,Murray A.,Federer R.,21,1,1210,7760,7,5,6,4,,,,,,,2,0,Completed,9,1.04,14,1.02,10.5,1.03,25,1.029,11,1.04
49,Cincinnati,Western & Southern Financial Group Masters,8/16/06,Masters,Outdoor,Hard,2nd Round,3,Gonzalez F.,Fish M.,13,65,1700,616,7,5,7,5,,,,,,,2,0,Completed,1.39,2.75,1.5,2.6,1.42,2.75,1.435,3.1,1.46,2.62
49,Cincinnati,Western & Southern Financial Group Masters,8/16/06,Masters,Outdoor,Hard,2nd Round,3,Hrbaty D.,Sanguinetti D.,22,60,1200,655,6,3,6,2,,,,,,,2,0,Completed,1.4,2.75,1.48,2.65,1.45,2.6,1.565,2.67,1.46,2.62
49,Cincinnati,Western & Southern Financial Group Masters,8/16/06,Masters,Outdoor,Hard,2nd Round,3,Serra F.,Djokovic N.,52,24,755,1168,6,4,6,4,,,,,,,2,0,Completed,3.5,1.28,3.65,1.28,2.92,1.37,3.56,1.362,2.95,1.38
49,Cincinnati,Western & Southern Financial Group Masters,8/16/06,Masters,Outdoor,Hard,2nd Round,3,Wawrinka S.,Nalbandian D.,54,4,728,3155,6,4,6,2,,,,,,,2,0,Completed,3.75,1.25,4,1.25,3.89,1.23,4.22,1.284,3.6,1.27
49,Cincinnati,Western & Southern Financial Group Masters,8/16/06,Masters,Outdoor,Hard,2nd Round,3,Robredo T.,Mirnyi M.,7,56,2010,710,6,4,6,4,,,,,,,2,0,Completed,1.57,2.25,1.62,2.3,1.5,2.45,1.649,2.44,1.57,2.33
49,Cincinnati,Western & Southern Financial Group Masters,8/16/06,Masters,Outdoor,Hard,2nd Round,3,Ferrer D.,Almagro N.,16,48,1655,785,4,6,7,6,6,0,,,,,2,1,Completed,1.36,3,1.37,3.1,1.4,2.85,1.408,3.25,1.4,2.85
49,Cincinnati,Western & Southern Financial Group Masters,8/17/06,Masters,Outdoor,Hard,2nd Round,3,Ginepri R.,Tursunov D.,18,26,1355,1110,6,3,6,4,,,,,,,2,0,Completed,2.5,1.5,2.5,1.53,2.5,1.5,2.78,1.524,2.45,1.52
49,Cincinnati,Western & Southern Financial Group Masters,8/17/06,Masters,Outdoor,Hard,2nd Round,3,Roddick A.,Vliegen K.,12,39,1740,910,6,2,6,4,,,,,,,2,0,Completed,1.22,4,1.31,3.45,1.26,3.59,1.315,3.87,1.26,3.7
49,Cincinnati,Western & Southern Financial Group Masters,8/17/06,Masters,Outdoor,Hard,3rd Round,3,Ljubicic I.,Hrbaty D.,3,22,3195,1200,7,5,6,4,,,,,,,2,0,Completed,1.25,3.75,1.25,4,1.28,3.46,1.293,4.11,1.28,3.5
49,Cincinnati,Western & Southern Financial Group Masters,8/17/06,Masters,Outdoor,Hard,3rd Round,3,Ferrero J.C.,Soderling R.,31,43,1015,853,7,5,6,4,,,,,,,2,0,Completed,2.1,1.66,2.1,1.73,2.08,1.7,2.21,1.763,1.94,1.82
49,Cincinnati,Western & Southern Financial Group Masters,8/17/06,Masters,Outdoor,Hard,3rd Round,3,Nadal R.,Haas T.,2,17,4505,1455,7,6,6,3,,,,,,,2,0,Completed,1.3,3.39,1.4,2.85,1.32,3.22,1.389,3.37,1.36,3.05
49,Cincinnati,Western & Southern Financial Group Masters,8/17/06,Masters,Outdoor,Hard,3rd Round,3,Gonzalez F.,Wawrinka S.,13,54,1700,728,7,6,7,5,,,,,,,2,0,Completed,1.33,3.25,1.4,2.95,1.4,2.85,1.405,3.27,1.35,3.1
49,Cincinnati,Western & Southern Financial Group Masters,8/17/06,Masters,Outdoor,Hard,3rd Round,3,Murray A.,Ginepri R.,21,18,1210,1355,7,6,2,6,6,4,,,,,2,1,Completed,1.53,2.37,1.62,2.3,1.53,2.4,1.645,2.45,1.6,2.3
49,Cincinnati,Western & Southern Financial Group Masters,8/17/06,Masters,Outdoor,Hard,3rd Round,3,Robredo T.,Serra F.,7,52,2010,755,6,3,6,1,,,,,,,2,0,Completed,1.39,2.75,1.42,2.85,1.45,2.6,1.417,3.2,1.42,2.77
49,Cincinnati,Western & Southern Financial Group Masters,8/18/06,Masters,Outdoor,Hard,3rd Round,3,Ferrer D.,Baghdatis M.,16,10,1655,1852,7,5,6,4,,,,,,,2,0,Completed,2.1,1.66,2,1.8,1.95,1.8,2.25,1.741,1.96,1.8
49,Cincinnati,Western & Southern Financial Group Masters,8/18/06,Masters,Outdoor,Hard,3rd Round,3,Roddick A.,Chela J.I.,12,35,1740,940,6,3,6,4,,,,,,,2,0,Completed,1.16,4.5,1.22,4.25,1.25,3.9,1.24,4.77,1.24,3.85
49,Cincinnati,Western & Southern Financial Group Masters,8/18/06,Masters,Outdoor,Hard,Quarterfinals,3,Ferrero J.C.,Nadal R.,31,2,1015,4505,7,6,7,6,,,,,,,2,0,Completed,5.5,1.12,7,1.1,5.19,1.14,7.24,1.146,6,1.12
49,Cincinnati,Western & Southern Financial Group Masters,8/18/06,Masters,Outdoor,Hard,Quarterfinals,3,Robredo T.,Ljubicic I.,7,3,2010,3195,7,6,6,2,,,,,,,2,0,Completed,2.37,1.53,2.4,1.57,2.35,1.55,2.43,1.654,2.45,1.52
49,Cincinnati,Western & Southern Financial Group Masters,8/19/06,Masters,Outdoor,Hard,Quarterfinals,3,Roddick A.,Murray A.,12,21,1740,1210,6,3,6,4,,,,,,,2,0,Completed,1.53,2.37,1.6,2.35,1.55,2.4,1.641,2.46,1.55,2.4
49,Cincinnati,Western & Southern Financial Group Masters,8/19/06,Masters,Outdoor,Hard,Quarterfinals,3,Gonzalez F.,Ferrer D.,13,16,1700,1655,6,2,6,4,,,,,,,2,0,Completed,1.5,2.5,1.55,2.45,1.51,2.46,1.556,2.7,1.53,2.45
49,Cincinnati,Western & Southern Financial Group Masters,8/19/06,Masters,Outdoor,Hard,Semifinals,3,Ferrero J.C.,Robredo T.,31,7,1015,2010,6,3,6,4,,,,,,,2,0,Completed,2,1.8,2.05,1.77,2,1.75,1.893,2.02,1.84,1.92
49,Cincinnati,Western & Southern Financial Group Masters,8/20/06,Masters,Outdoor,Hard,Semifinals,3,Roddick A.,Gonzalez F.,12,13,1740,1700,6,3,6,3,,,,,,,2,0,Completed,1.53,2.5,1.62,2.3,1.53,2.4,1.662,2.41,1.56,2.3
49,Cincinnati,Western & Southern Financial Group Masters,8/20/06,Masters,Outdoor,Hard,The Final,3,Roddick A.,Ferrero J.C.,12,31,1740,1015,6,3,6,4,,,,,,,2,0,Completed,1.36,3,1.35,3.2,1.37,2.92,1.394,3.34,1.35,3.1
50,New Haven,Pilot Pen Tennis,8/20/06,International Gold,Outdoor,Hard,1st Round,3,Wawrinka S.,Almagro N.,47,45,798,815,6,3,6,7,6,4,,,,,2,1,Completed,1.5,2.5,1.55,2.4,1.55,2.35,1.541,2.75,1.52,2.45
50,New Haven,Pilot Pen Tennis,8/20/06,International Gold,Outdoor,Hard,1st Round,3,Seppi A.,Phau B.,71,68,565,605,6,1,6,1,,,,,,,2,0,Completed,1.61,2.2,1.53,2.45,1.5,2.45,1.617,2.52,1.52,2.45
50,New Haven,Pilot Pen Tennis,8/20/06,International Gold,Outdoor,Hard,1st Round,3,Mahut N.,Bracciali D.,67,65,605,617,7,5,7,6,,,,,,,2,0,Completed,2.1,1.66,2.1,1.7,2.1,1.7,2.06,1.862,2.02,1.75
50,New Haven,Pilot Pen Tennis,8/20/06,International Gold,Outdoor,Hard,1st Round,3,Clement A.,Serra F.,46,44,802,815,6,4,6,1,,,,,,,2,0,Completed,1.57,2.25,1.57,2.35,1.65,2.15,1.654,2.43,1.6,2.25
50,New Haven,Pilot Pen Tennis,8/21/06,International Gold,Outdoor,Hard,1st Round,3,Benneteau J.,Horna L.,51,61,773,642,7,6,2,6,6,1,,,,,2,1,Completed,1.44,2.62,1.48,2.6,1.42,2.75,1.485,2.86,1.5,2.45
50,New Haven,Pilot Pen Tennis,8/21/06,International Gold,Outdoor,Hard,1st Round,3,Vik R.,Santoro F.,85,49,482,781,6,4,6,2,,,,,,,2,0,Completed,2.75,1.39,2.45,1.53,2.34,1.56,2.86,1.485,2.55,1.49
50,New Haven,Pilot Pen Tennis,8/21/06,International Gold,Outdoor,Hard,1st Round,3,Lopez F.,Volandri F.,64,53,625,750,6,3,6,4,,,,,,,2,0,Completed,1.25,3.5,1.28,3.55,1.25,3.9,1.308,3.95,1.3,3.35
50,New Haven,Pilot Pen Tennis,8/21/06,International Gold,Outdoor,Hard,1st Round,3,Querrey S.,Martin A.,177,50,229,779,6,3,6,2,,,,,,,2,0,Completed,1.44,2.62,1.45,2.7,1.42,2.75,1.485,2.86,1.43,2.73
50,New Haven,Pilot Pen Tennis,8/21/06,International Gold,Outdoor,Hard,1st Round,3,Pashanski B.,Muller G.,89,93,456,443,6,3,2,6,7,6,,,,,2,1,Completed,4,1.19,4.4,1.2,4.25,1.2,4.6,1.25,4,1.23
50,New Haven,Pilot Pen Tennis,8/21/06,International Gold,Outdoor,Hard,1st Round,3,Rusedski G.,Karlovic I.,138,69,305,586,7,6,6,7,6,2,,,,,2,1,Completed,2.2,1.61,2.15,1.67,2.15,1.65,2.29,1.719,2.1,1.7
50,New Haven,Pilot Pen Tennis,8/21/06,International Gold,Outdoor,Hard,1st Round,3,Fish M.,Sanguinetti D.,60,56,646,690,6,3,6,3,,,,,,,2,0,Completed,1.44,2.62,1.45,2.7,1.42,2.75,1.463,2.96,1.5,2.5
50,New Haven,Pilot Pen Tennis,8/21/06,International Gold,Outdoor,Hard,1st Round,3,Berrer M.,Sweeting R.,129,562,329,43,7,5,6,2,,,,,,,2,0,Completed,1.66,2.1,,,,,1.69,2.35,,
50,New Haven,Pilot Pen Tennis,8/21/06,International Gold,Outdoor,Hard,1st Round,3,Gicquel M.,Hajek J.,83,84,494,489,7,6,6,3,,,,,,,2,0,Completed,1.57,2.25,,,1.7,2.1,1.671,2.39,1.55,2.37
50,New Haven,Pilot Pen Tennis,8/21/06,International Gold,Outdoor,Hard,1st Round,3,Ramirez-Hidalgo R.,Rochus C.,57,66,682,605,6,3,7,5,,,,,,,2,0,Completed,1.8,1.9,,,1.8,1.95,2.17,1.787,1.8,1.97
50,New Haven,Pilot Pen Tennis,8/21/06,International Gold,Outdoor,Hard,1st Round,3,Mirnyi M.,Mathieu P.H.,55,59,740,660,6,2,7,6,,,,,,,2,0,Completed,1.72,2,1.7,2.1,1.8,1.95,1.781,2.18,1.84,1.92
50,New Haven,Pilot Pen Tennis,8/22/06,International Gold,Outdoor,Hard,1st Round,3,Simon G.,Gimelstob J.,52,74,756,528,4,6,7,5,6,1,,,,,2,1,Completed,2,1.72,1.88,1.88,1.87,1.87,1.806,2.14,1.8,1.97
50,New Haven,Pilot Pen Tennis,8/22/06,International Gold,Outdoor,Hard,2nd Round,3,Chela J.I.,Seppi A.,35,71,940,565,6,3,6,2,,,,,,,2,0,Completed,1.39,2.75,1.4,2.85,1.48,2.53,1.424,3.16,1.44,2.7
50,New Haven,Pilot Pen Tennis,8/22/06,International Gold,Outdoor,Hard,2nd Round,3,Acasuso J.,Mahut N.,27,67,1105,605,7,5,3,3,,,,,,,1,0,Retired,1.53,2.37,1.6,2.3,1.55,2.35,1.641,2.46,1.6,2.27
50,New Haven,Pilot Pen Tennis,8/22/06,International Gold,Outdoor,Hard,2nd Round,3,Verdasco F.,Benneteau J.,25,51,1140,773,7,6,6,4,,,,,,,2,0,Completed,1.39,2.75,1.45,2.7,1.4,2.85,1.478,2.89,1.43,2.73
50,New Haven,Pilot Pen Tennis,8/22/06,International Gold,Outdoor,Hard,2nd Round,3,Davydenko N.,Clement A.,7,46,2085,802,6,2,6,1,,,,,,,2,0,Completed,1.72,2,1.75,2.05,1.6,2.25,1.719,2.29,1.75,2.02
50,New Haven,Pilot Pen Tennis,8/22/06,International Gold,Outdoor,Hard,2nd Round,3,Srichaphan P.,Wawrinka S.,43,47,820,798,7,6,4,6,6,4,,,,,2,1,Completed,2.1,1.66,2.1,1.7,2.35,1.55,2.28,1.725,2.17,1.65
50,New Haven,Pilot Pen Tennis,8/22/06,International Gold,Outdoor,Hard,2nd Round,3,Ferrer D.,Fish M.,13,60,1745,646,6,2,2,6,7,6,,,,,2,1,Completed,1.72,2,1.83,1.93,1.8,1.95,1.885,2.03,1.77,2
50,New Haven,Pilot Pen Tennis,8/22/06,International Gold,Outdoor,Hard,2nd Round,3,Calleri A.,Mirnyi M.,32,55,960,740,7,6,6,3,,,,,,,2,0,Completed,2.25,1.57,2.2,1.65,2.15,1.65,2.43,1.654,2.18,1.65
50,New Haven,Pilot Pen Tennis,8/22/06,International Gold,Outdoor,Hard,2nd Round,3,Melzer J.,Lopez F.,73,64,560,625,6,7,7,6,6,4,,,,,2,1,Completed,,,,,,,,,,
50,New Haven,Pilot Pen Tennis,8/22/06,International Gold,Outdoor,Hard,2nd Round,3,Baghdatis M.,Berrer M.,8,129,1917,329,7,6,7,6,,,,,,,2,0,Completed,1.12,5.5,,,1.13,5.5,1.133,7.8,1.13,5.5
50,New Haven,Pilot Pen Tennis,8/22/06,International Gold,Outdoor,Hard,2nd Round,3,Monfils G.,Gicquel M.,31,83,1000,494,7,6,6,4,,,,,,,2,0,Completed,1.33,3.25,1.3,3.4,1.35,3.1,1.41,3.24,1.3,3.4
50,New Haven,Pilot Pen Tennis,8/22/06,International Gold,Outdoor,Hard,2nd Round,3,Nieminen J.,Rusedski G.,15,138,1610,305,7,6,6,4,,,,,,,2,0,Completed,1.25,3.75,1.28,3.55,1.28,3.46,1.35,3.66,1.3,3.4
50,New Haven,Pilot Pen Tennis,8/22/06,International Gold,Outdoor,Hard,2nd Round,3,Massu N.,Pashanski B.,40,89,900,456,6,3,7,6,,,,,,,2,0,Completed,1.28,3.5,1.25,3.85,1.25,3.9,1.303,4,1.22,4.1
50,New Haven,Pilot Pen Tennis,8/22/06,International Gold,Outdoor,Hard,2nd Round,3,Rochus O.,Simon G.,30,52,1010,756,4,6,6,4,6,3,,,,,2,1,Completed,1.57,2.25,1.57,2.35,1.53,2.4,1.592,2.59,1.6,2.27
50,New Haven,Pilot Pen Tennis,8/22/06,International Gold,Outdoor,Hard,2nd Round,3,Soderling R.,Querrey S.,41,177,893,229,6,3,4,6,6,1,,,,,2,1,Completed,1.5,2.5,1.5,2.55,1.5,2.45,1.51,2.81,1.48,2.57
50,New Haven,Pilot Pen Tennis,8/23/06,International Gold,Outdoor,Hard,2nd Round,3,Malisse X.,Vik R.,39,85,918,482,6,1,4,6,6,3,,,,,2,1,Completed,1.22,4,1.28,3.55,1.25,3.9,1.277,4.31,1.26,3.7
50,New Haven,Pilot Pen Tennis,8/23/06,International Gold,Outdoor,Hard,2nd Round,3,Ramirez-Hidalgo R.,Blake J.,57,5,682,2265,2,6,7,6,7,6,,,,,2,1,Completed,7,1.08,8.5,1.06,7.19,1.07,9,1.1,8,1.07
50,New Haven,Pilot Pen Tennis,8/23/06,International Gold,Outdoor,Hard,3rd Round,3,Chela J.I.,Acasuso J.,35,27,940,1105,7,6,6,2,,,,,,,2,0,Completed,1.83,1.83,1.77,2,1.75,2.05,1.769,2.2,1.85,1.91
50,New Haven,Pilot Pen Tennis,8/23/06,International Gold,Outdoor,Hard,3rd Round,3,Davydenko N.,Srichaphan P.,7,43,2085,820,6,4,6,1,,,,,,,2,0,Completed,1.36,3,1.4,2.85,1.33,3.15,1.415,3.21,1.35,3.1
50,New Haven,Pilot Pen Tennis,8/23/06,International Gold,Outdoor,Hard,3rd Round,3,Melzer J.,Verdasco F.,73,25,560,1140,6,4,4,1,,,,,,,1,0,Retired,2.87,1.36,2.85,1.4,2.85,1.4,3.08,1.439,2.84,1.4
50,New Haven,Pilot Pen Tennis,8/23/06,International Gold,Outdoor,Hard,3rd Round,3,Rochus O.,Monfils G.,30,31,1010,1000,6,4,6,3,,,,,,,2,0,Completed,1.9,1.8,1.93,1.83,1.87,1.87,1.885,2.03,1.8,1.97
50,New Haven,Pilot Pen Tennis,8/23/06,International Gold,Outdoor,Hard,3rd Round,3,Calleri A.,Ferrer D.,32,13,960,1745,6,3,6,1,,,,,,,2,0,Completed,2.37,1.57,2.4,1.55,2.3,1.6,2.52,1.617,2.37,1.55
50,New Haven,Pilot Pen Tennis,8/23/06,International Gold,Outdoor,Hard,3rd Round,3,Massu N.,Nieminen J.,40,15,900,1610,6,3,6,4,,,,,,,2,0,Completed,2.87,1.36,2.7,1.45,2.85,1.4,2.91,1.474,2.84,1.4
50,New Haven,Pilot Pen Tennis,8/23/06,International Gold,Outdoor,Hard,3rd Round,3,Soderling R.,Baghdatis M.,41,8,893,1917,6,3,6,7,7,5,,,,,2,1,Completed,2.1,1.66,2.05,1.75,1.95,1.8,2.26,1.735,2.02,1.75
50,New Haven,Pilot Pen Tennis,8/24/06,International Gold,Outdoor,Hard,3rd Round,3,Malisse X.,Ramirez-Hidalgo R.,39,57,918,682,6,1,6,3,,,,,,,2,0,Completed,1.22,4,1.23,4.05,1.26,3.59,1.29,4.15,1.25,3.75
50,New Haven,Pilot Pen Tennis,8/24/06,International Gold,Outdoor,Hard,Quarterfinals,3,Soderling R.,Melzer J.,41,73,893,560,6,3,6,2,,,,,,,2,0,Completed,1.39,2.75,1.4,2.85,1.35,3,1.358,3.59,1.36,3.05
50,New Haven,Pilot Pen Tennis,8/24/06,International Gold,Outdoor,Hard,Quarterfinals,3,Calleri A.,Massu N.,32,40,960,900,6,3,3,6,6,4,,,,,2,1,Completed,1.53,2.37,1.53,2.45,1.5,2.45,1.549,2.72,1.58,2.3
50,New Haven,Pilot Pen Tennis,8/24/06,International Gold,Outdoor,Hard,Quarterfinals,3,Malisse X.,Chela J.I.,39,35,918,940,4,6,6,4,6,2,,,,,2,1,Completed,1.66,2.1,1.73,2.05,1.5,2.45,1.69,2.35,1.72,2.06
50,New Haven,Pilot Pen Tennis,8/25/06,International Gold,Outdoor,Hard,Quarterfinals,3,Davydenko N.,Rochus O.,7,30,2085,1010,6,4,6,2,,,,,,,2,0,Completed,1.39,2.75,1.4,2.85,1.4,2.85,1.424,3.16,1.43,2.75
50,New Haven,Pilot Pen Tennis,8/25/06,International Gold,Outdoor,Hard,Semifinals,3,Calleri A.,Malisse X.,32,39,960,918,6,2,,,,,,,,,1,0,Retired,2.2,1.61,2.15,1.67,2.25,1.6,2.5,1.625,2.22,1.63
50,New Haven,Pilot Pen Tennis,8/26/06,International Gold,Outdoor,Hard,Semifinals,3,Davydenko N.,Soderling R.,7,41,2085,893,7,6,6,2,,,,,,,2,0,Completed,1.44,2.62,1.4,2.85,1.44,2.67,1.508,2.82,1.45,2.67
50,New Haven,Pilot Pen Tennis,8/27/06,International Gold,Outdoor,Hard,The Final,3,Davydenko N.,Calleri A.,7,32,2085,960,6,4,6,3,,,,,,,2,0,Completed,1.38,2.87,1.4,2.85,1.42,2.75,1.455,3,1.4,2.84
51,New York,US Open,8/28/06,Grand Slam,Outdoor,Hard,1st Round,5,Fish M.,Greul S.,60,76,651,509,6,4,6,4,1,6,6,3,,,3,1,Completed,1.25,3.75,1.25,4,1.28,3.46,1.286,4.2,1.28,3.5
51,New York,US Open,8/28/06,Grand Slam,Outdoor,Hard,1st Round,5,Djokovic N.,Young D.,23,577,1183,40,4,6,6,3,6,0,6,1,,,3,1,Completed,1.03,11,1.03,12,1.04,9.25,1.043,19,1.02,20
51,New York,US Open,8/28/06,Grand Slam,Outdoor,Hard,1st Round,5,Youzhny M.,Hrbaty D.,54,22,745,1200,7,5,6,1,6,3,,,,,3,0,Completed,1.9,1.8,1.9,1.9,1.83,1.91,1.901,2.01,1.88,1.88
51,New York,US Open,8/28/06,Grand Slam,Outdoor,Hard,1st Round,5,Massu N.,Sanguinetti D.,41,57,910,690,6,7,6,4,6,4,6,4,,,3,1,Completed,1.44,2.62,1.45,2.75,1.48,2.53,1.485,2.86,1.45,2.65
51,New York,US Open,8/28/06,Grand Slam,Outdoor,Hard,1st Round,5,Srichaphan P.,Acasuso J.,43,27,820,1110,6,3,3,6,7,6,6,7,6,3,3,2,Completed,1.8,1.9,1.81,2,1.75,2.05,1.862,2.06,1.88,1.88
51,New York,US Open,8/28/06,Grand Slam,Outdoor,Hard,1st Round,5,Novak J.,Clement A.,179,47,226,802,7,5,6,2,7,5,,,,,3,0,Completed,4,1.22,4.25,1.22,4.06,1.21,4.68,1.245,4.1,1.22
51,New York,US Open,8/28/06,Grand Slam,Outdoor,Hard,1st Round,5,Roddick A.,Serra F.,10,44,1890,815,6,2,6,1,6,3,,,,,3,0,Completed,1.06,8,1.05,10,1.06,7.79,1.071,12,1.07,8
51,New York,US Open,8/28/06,Grand Slam,Outdoor,Hard,1st Round,5,Robredo T.,Saretta F.,5,121,2190,360,6,2,6,1,6,2,,,,,3,0,Completed,1.06,8,1.06,9,1.07,7.19,1.069,12.5,1.06,8.5
51,New York,US Open,8/28/06,Grand Slam,Outdoor,Hard,1st Round,5,Lee H.T.,Ramirez-Hidalgo R.,70,56,576,695,7,5,6,4,6,0,,,,,3,0,Completed,1.44,2.62,1.37,3.1,1.39,2.83,1.36,3.58,1.37,2.98
51,New York,US Open,8/28/06,Grand Slam,Outdoor,Hard,1st Round,5,Gimelstob J.,Marach O.,73,95,528,432,6,2,6,3,7,5,,,,,3,0,Completed,1.36,3,1.37,3.1,1.37,2.92,1.41,3.24,1.36,3
51,New York,US Open,8/28/06,Grand Slam,Outdoor,Hard,1st Round,5,Gasquet R.,Simmonds P.,29,240,1060,166,6,1,6,3,6,1,,,,,3,0,Completed,1.02,12,1.03,12,1.04,9.25,1.04,21,1.03,14
51,New York,US Open,8/28/06,Grand Slam,Outdoor,Hard,1st Round,5,Simon G.,Bracciali D.,52,64,756,617,7,5,6,4,6,1,,,,,3,0,Completed,1.83,1.83,1.9,1.9,1.75,2,2,1.909,1.88,1.88
51,New York,US Open,8/28/06,Grand Slam,Outdoor,Hard,1st Round,5,Baghdatis M.,Waske A.,8,102,1922,410,7,6,7,6,6,3,,,,,3,0,Completed,1.1,6.5,1.1,7,1.1,6.75,1.093,9.8,1.1,6.6
51,New York,US Open,8/28/06,Grand Slam,Outdoor,Hard,1st Round,5,Chiudinelli M.,Vicente F.,306,99,120,420,6,4,6,1,6,4,,,,,3,0,Completed,1.44,2.62,1.48,2.65,1.45,2.6,1.549,2.72,1.45,2.65
51,New York,US Open,8/28/06,Grand Slam,Outdoor,Hard,1st Round,5,Lopez F.,Ljubicic I.,77,3,505,3315,6,3,6,3,6,3,,,,,3,0,Completed,3.75,1.25,4,1.25,4.06,1.21,4.74,1.242,3.95,1.23
51,New York,US Open,8/28/06,Grand Slam,Outdoor,Hard,1st Round,5,Pless K.,Martin A.,116,50,372,779,3,6,3,6,7,6,6,1,6,2,3,2,Completed,1.66,2.1,1.67,2.2,1.6,2.3,1.649,2.44,1.68,2.12
51,New York,US Open,8/28/06,Grand Slam,Outdoor,Hard,1st Round,5,Wawrinka S.,Chela J.I.,46,37,803,940,6,7,6,4,6,4,6,4,,,3,1,Completed,2,1.72,2.05,1.77,2.1,1.7,2.2,1.769,2.02,1.76
51,New York,US Open,8/28/06,Grand Slam,Outdoor,Hard,1st Round,5,Ferrer D.,Almagro N.,13,45,1675,815,7,6,7,6,6,1,,,,,3,0,Completed,1.3,3.39,1.35,3.2,1.35,3.1,1.376,3.46,1.4,2.85
51,New York,US Open,8/29/06,Grand Slam,Outdoor,Hard,1st Round,5,Alves T.,Zabaleta M.,122,359,359,91,6,2,7,5,6,7,6,3,,,3,1,Completed,1.5,2.5,,,1.45,2.6,1.474,2.91,1.53,2.42
51,New York,US Open,8/29/06,Grand Slam,Outdoor,Hard,1st Round,5,Soderling R.,Karlovic I.,34,69,968,586,6,4,7,6,7,5,,,,,3,0,Completed,1.28,3.5,1.33,3.3,1.25,3.75,1.361,3.57,1.3,3.4
51,New York,US Open,8/29/06,Grand Slam,Outdoor,Hard,1st Round,5,Phau B.,Morrison J.,67,157,605,260,6,3,7,6,6,4,,,,,3,0,Completed,2.62,1.44,2.75,1.45,2.6,1.45,3.05,1.444,2.65,1.45
51,New York,US Open,8/29/06,Grand Slam,Outdoor,Hard,1st Round,5,Becker B.,Volandri F.,112,53,383,750,4,6,7,6,6,4,7,6,,,3,1,Completed,1.39,2.75,1.35,3.2,1.35,3.1,1.38,3.43,1.35,3.1
51,New York,US Open,8/29/06,Grand Slam,Outdoor,Hard,1st Round,5,Malisse X.,Nieminen J.,33,15,983,1610,6,4,7,5,6,2,,,,,3,0,Completed,1.9,1.8,2.08,1.75,1.95,1.8,2.13,1.813,1.98,1.78
51,New York,US Open,8/29/06,Grand Slam,Outdoor,Hard,1st Round,5,Agassi A.,Pavel A.,39,75,925,514,6,7,7,6,7,6,6,2,,,3,1,Completed,1.25,3.75,1.27,3.8,1.3,3.34,1.33,3.73,1.26,3.7
51,New York,US Open,8/30/06,Grand Slam,Outdoor,Hard,1st Round,5,Berdych T.,Pashanski B.,14,87,1660,456,6,4,6,2,6,1,,,,,3,0,Completed,1.04,9,1.03,12,1.06,7.79,1.05,16,1.05,10
51,New York,US Open,8/30/06,Grand Slam,Outdoor,Hard,1st Round,5,Mayer F.,Koubek S.,58,123,675,358,6,4,6,1,6,1,,,,,3,0,Completed,1.36,3,1.35,3.2,1.35,3,1.373,3.48,1.38,2.92
51,New York,US Open,8/30/06,Grand Slam,Outdoor,Hard,1st Round,5,Nalbandian D.,Berrer M.,4,128,3155,339,4,6,6,7,6,3,7,5,6,2,3,2,Completed,1.08,7,1.1,7,1.06,7.79,1.137,7.6,1.08,7.5
51,New York,US Open,8/30/06,Grand Slam,Outdoor,Hard,1st Round,5,Safin M.,Vik R.,104,85,400,487,6,1,6,1,3,6,6,3,,,3,1,Completed,1.16,4.5,1.22,4.25,1.2,4.25,1.25,4.6,1.22,4.1
51,New York,US Open,8/30/06,Grand Slam,Outdoor,Hard,1st Round,5,Sweeting R.,Coria G.,495,42,53,835,3,2,,,,,,,,,1,0,Retired,2.37,1.53,,,2.4,1.53,2.4,1.667,2.15,1.67
51,New York,US Open,8/30/06,Grand Slam,Outdoor,Hard,1st Round,5,Rochus O.,Patience O.,30,103,1010,407,6,0,6,2,6,2,,,,,3,0,Completed,1.11,6,1.12,6.25,1.13,5.5,1.133,7.8,1.11,6
51,New York,US Open,8/30/06,Grand Slam,Outdoor,Hard,1st Round,5,Horna L.,Garcia-Lopez G.,61,80,642,500,7,5,6,4,6,3,,,,,3,0,Completed,1.9,1.8,1.95,1.85,2.03,1.73,2.08,1.847,2,1.77
51,New York,US Open,8/30/06,Grand Slam,Outdoor,Hard,1st Round,5,Nadal R.,Philippoussis M.,2,113,4625,381,6,4,6,4,6,4,,,,,3,0,Completed,1.06,8,1.08,8,1.07,7.19,1.071,12,1.08,7.5
51,New York,US Open,8/30/06,Grand Slam,Outdoor,Hard,1st Round,5,Grosjean S.,Johansson T.,36,40,950,925,6,3,6,4,5,7,6,7,6,2,3,2,Completed,1.57,2.25,1.55,2.45,1.46,2.6,1.575,2.64,1.54,2.4
51,New York,US Open,8/30/06,Grand Slam,Outdoor,Hard,1st Round,5,Gonzalez F.,Vanek J.,11,101,1850,414,6,2,6,3,6,2,,,,,3,0,Completed,1.04,9,1.06,9,1.06,7.79,1.07,12.25,1.07,8
51,New York,US Open,8/30/06,Grand Slam,Outdoor,Hard,1st Round,5,Hajek J.,Dlouhy L.,83,96,495,430,6,3,6,4,6,4,,,,,3,0,Completed,1.83,1.83,1.81,2,1.8,1.95,1.885,2.03,1.82,1.94
51,New York,US Open,8/30/06,Grand Slam,Outdoor,Hard,1st Round,5,Hernych J.,Kim K.,97,86,426,459,6,1,6,4,3,6,7,5,,,3,1,Completed,1.83,1.83,1.81,2,1.83,1.91,1.806,2.14,1.84,1.92
51,New York,US Open,8/30/06,Grand Slam,Outdoor,Hard,1st Round,5,Moodie W.,Mirnyi M.,82,55,495,740,6,4,4,6,6,4,6,7,6,4,3,2,Completed,2.75,1.39,2.95,1.4,2.85,1.4,2.9,1.476,2.7,1.44
51,New York,US Open,8/30/06,Grand Slam,Outdoor,Hard,1st Round,5,Monfils G.,Russell M.,31,160,1005,259,6,2,3,6,7,5,7,6,,,3,1,Completed,1.19,4,1.25,4,1.28,3.46,1.315,3.87,1.25,3.75
51,New York,US Open,8/30/06,Grand Slam,Outdoor,Hard,1st Round,5,Verdasco F.,Santoro F.,26,49,1115,781,6,4,6,1,3,6,6,1,,,3,1,Completed,1.5,2.5,1.48,2.65,1.5,2.45,1.488,2.85,1.5,2.5
51,New York,US Open,8/30/06,Grand Slam,Outdoor,Hard,1st Round,5,Hewitt L.,Montanes A.,17,74,1515,519,7,5,6,4,6,3,,,,,3,0,Completed,1.03,11,1.05,10,1.06,7.79,1.083,11,1.05,10
51,New York,US Open,8/30/06,Grand Slam,Outdoor,Hard,1st Round,5,Kubot L.,Vliegen K.,138,38,297,940,2,6,6,1,6,4,1,6,6,3,3,2,Completed,3.5,1.28,3.5,1.3,3.35,1.3,3.91,1.312,3.6,1.27
51,New York,US Open,8/30/06,Grand Slam,Outdoor,Hard,1st Round,5,Federer R.,Wang Y.T.,1,109,7295,394,6,4,6,1,6,0,,,,,3,0,Completed,1,26,1.01,16,1.01,16,1.01,73.5,1.01,40
51,New York,US Open,8/30/06,Grand Slam,Outdoor,Hard,1st Round,5,Sluiter R.,Odesnik W.,89,181,447,225,6,4,6,4,7,5,,,,,3,0,Completed,1.5,2.5,1.5,2.6,1.55,2.35,1.538,2.76,1.52,2.45
51,New York,US Open,8/30/06,Grand Slam,Outdoor,Hard,1st Round,5,Moya C.,Calleri A.,48,28,785,1085,7,5,7,6,6,7,6,3,,,3,1,Completed,2.37,1.53,2.65,1.48,2.45,1.5,3.02,1.45,2.5,1.5
51,New York,US Open,8/30/06,Grand Slam,Outdoor,Hard,1st Round,5,Okun N.,Starace P.,255,100,148,418,6,2,6,0,4,6,6,2,,,3,1,Completed,1.36,3,,,1.35,3.1,1.383,3.41,,
51,New York,US Open,8/30/06,Grand Slam,Outdoor,Hard,1st Round,5,Tursunov D.,Kunitsyn I.,25,115,1125,375,6,2,6,3,6,4,,,,,3,0,Completed,1.08,7,1.1,7,1.09,6.68,1.097,9.28,1.1,6.6
51,New York,US Open,8/30/06,Grand Slam,Outdoor,Hard,1st Round,5,di Mauro A.,Melzer J.,94,68,437,595,5,7,6,1,7,5,7,5,,,3,1,Completed,5,1.14,6.25,1.12,5.19,1.14,6.9,1.154,5.5,1.13
51,New York,US Open,8/30/06,Grand Slam,Outdoor,Hard,1st Round,5,Mahut N.,Schuettler R.,66,78,605,504,6,4,6,7,6,3,6,3,,,3,1,Completed,1.66,2.1,1.67,2.2,1.75,2.05,1.676,2.38,1.74,2.04
51,New York,US Open,8/30/06,Grand Slam,Outdoor,Hard,1st Round,5,Henman T.,Rusedski G.,62,136,640,310,7,6,6,2,6,3,,,,,3,0,Completed,1.22,4,1.25,4,1.25,3.75,1.233,4.9,1.25,3.75
51,New York,US Open,8/30/06,Grand Slam,Outdoor,Hard,1st Round,5,Davydenko N.,Delgado R.,6,108,2175,397,4,6,6,4,7,5,6,0,,,3,1,Completed,1.06,8,1.06,9,1.07,7.19,1.07,12.3,1.06,8.5
51,New York,US Open,8/30/06,Grand Slam,Outdoor,Hard,1st Round,5,Falla A.,Del Potro J.M.,129,114,334,380,7,6,6,2,4,6,7,5,,,3,1,Completed,2.25,1.57,2.35,1.6,2.45,1.5,2.48,1.633,2.21,1.63
51,New York,US Open,8/30/06,Grand Slam,Outdoor,Hard,1st Round,5,Mathieu P.H.,Goodall J.,59,260,660,146,6,3,6,2,3,6,6,3,,,3,1,Completed,1.14,5,1.18,4.85,1.17,4.67,1.183,5.95,1.16,4.9
51,New York,US Open,8/30/06,Grand Slam,Outdoor,Hard,1st Round,5,Spadea V.,Muller G.,84,91,490,443,6,2,6,4,6,3,,,,,3,0,Completed,1.61,2.2,1.62,2.3,1.65,2.15,1.741,2.25,1.64,2.2
51,New York,US Open,8/30/06,Grand Slam,Outdoor,Hard,1st Round,5,Gaudio G.,Seppi A.,24,71,1175,565,6,4,6,4,6,2,,,,,3,0,Completed,1.72,2,1.85,1.95,1.83,1.91,1.893,2.02,1.88,1.88
51,New York,US Open,8/30/06,Grand Slam,Outdoor,Hard,1st Round,5,Blake J.,Monaco J.,7,72,2085,564,6,3,7,5,7,6,,,,,3,0,Completed,1.04,9,1.06,9,1.09,6.68,1.071,12,1.1,6.7
51,New York,US Open,8/30/06,Grand Slam,Outdoor,Hard,1st Round,5,Haas T.,Kuznetsov A.,16,269,1525,141,6,2,6,4,6,0,,,,,3,0,Completed,1.05,8.5,1.05,10,1.06,7.79,1.057,14.5,1.04,11
51,New York,US Open,8/31/06,Grand Slam,Outdoor,Hard,1st Round,5,Murray A.,Kendrick R.,19,143,1300,285,6,2,1,6,6,3,6,3,,,3,1,Completed,1.08,7,1.08,8,1.09,6.68,1.091,10,1.1,6.5
51,New York,US Open,8/31/06,Grand Slam,Outdoor,Hard,1st Round,5,Bjorkman J.,Jenkins S.,35,277,953,137,7,5,6,4,6,4,,,,,3,0,Completed,1.44,2.62,1.45,2.75,1.5,2.45,1.543,2.74,1.47,2.6
51,New York,US Open,8/31/06,Grand Slam,Outdoor,Hard,1st Round,5,Ferrero J.C.,Bastl G.,18,142,1330,291,7,5,6,4,3,6,6,3,,,3,1,Completed,1.14,5,1.14,5.65,1.08,7,1.143,7.31,1.12,5.8
51,New York,US Open,8/31/06,Grand Slam,Outdoor,Hard,1st Round,5,Ginepri R.,Benneteau J.,21,51,1205,778,3,6,6,4,6,4,6,4,,,3,1,Completed,1.33,3.25,1.33,3.3,1.35,3.1,1.352,3.64,1.35,3.1
51,New York,US Open,8/31/06,Grand Slam,Outdoor,Hard,1st Round,5,Gicquel M.,Rochus C.,79,65,504,605,6,3,6,3,6,4,,,,,3,0,Completed,1.44,2.62,1.45,2.75,1.46,2.6,1.51,2.81,1.42,2.78
51,New York,US Open,8/31/06,Grand Slam,Outdoor,Hard,1st Round,5,Querrey S.,Kohlschreiber P.,174,63,238,619,6,3,6,4,6,4,,,,,3,0,Completed,1.44,2.62,1.53,2.5,1.48,2.53,1.37,3.5,1.33,3.2
51,New York,US Open,8/31/06,Grand Slam,Outdoor,Hard,1st Round,5,Goldstein P.,Witten J.,81,189,497,212,6,3,6,4,2,6,3,6,6,1,3,2,Completed,1.4,2.75,1.4,2.95,1.45,2.6,1.446,3.04,1.43,2.72
51,New York,US Open,8/31/06,Grand Slam,Outdoor,Hard,1st Round,5,Gabashvili T.,Daniel M.,125,93,351,439,6,3,6,2,3,6,3,6,6,3,3,2,Completed,1.39,2.75,1.4,2.95,1.35,3.01,1.389,3.37,1.4,2.84
51,New York,US Open,8/31/06,Grand Slam,Outdoor,Hard,2nd Round,5,Roddick A.,Pless K.,10,116,1890,372,6,3,7,6,6,3,,,,,3,0,Completed,1.01,15,1.03,12,1.03,10.5,1.018,36,1.03,14
51,New York,US Open,8/31/06,Grand Slam,Outdoor,Hard,2nd Round,5,Robredo T.,Lee H.T.,5,70,2190,576,3,6,6,3,6,4,6,1,,,3,1,Completed,1.19,4.33,1.25,4,1.18,4.45,1.239,4.78,1.25,3.75
51,New York,US Open,8/31/06,Grand Slam,Outdoor,Hard,2nd Round,5,Wawrinka S.,Soderling R.,46,34,803,968,6,7,2,6,7,6,6,0,6,1,3,2,Completed,2.25,1.57,2.2,1.67,2.15,1.65,2.47,1.637,2.15,1.66
51,New York,US Open,8/31/06,Grand Slam,Outdoor,Hard,2nd Round,5,Nadal R.,Horna L.,2,61,4625,642,6,4,4,6,6,4,6,2,,,3,1,Completed,1.01,15,1.02,14,,,1.025,28.5,1.02,15
51,New York,US Open,8/31/06,Grand Slam,Outdoor,Hard,2nd Round,5,Verdasco F.,Alves T.,26,122,1115,359,7,6,6,4,6,1,,,,,3,0,Completed,1.12,5.5,1.15,5.5,1.17,4.67,1.208,5.41,1.17,4.8
51,New York,US Open,8/31/06,Grand Slam,Outdoor,Hard,2nd Round,5,Ferrer D.,Gimelstob J.,13,73,1675,528,6,2,6,4,6,1,,,,,3,0,Completed,1.22,4,1.22,4.25,1.25,3.75,1.26,4.54,1.2,4.3
51,New York,US Open,8/31/06,Grand Slam,Outdoor,Hard,2nd Round,5,Chiudinelli M.,Lopez F.,306,77,120,505,3,6,6,3,4,6,6,4,6,3,3,2,Completed,3.75,1.25,4.25,1.22,4.25,1.2,4.45,1.267,4,1.23
51,New York,US Open,8/31/06,Grand Slam,Outdoor,Hard,2nd Round,5,Gasquet R.,Simon G.,29,52,1060,756,6,0,6,2,6,3,,,,,3,0,Completed,1.12,5.5,1.11,6.5,1.13,5.5,1.139,7.51,1.12,5.9
51,New York,US Open,8/31/06,Grand Slam,Outdoor,Hard,2nd Round,5,Hewitt L.,Hernych J.,17,97,1515,426,6,4,6,2,6,2,,,,,3,0,Completed,1.14,5,1.15,5.5,1.17,4.67,1.224,5.06,1.18,4.6
51,New York,US Open,8/31/06,Grand Slam,Outdoor,Hard,2nd Round,5,Malisse X.,Phau B.,33,67,983,605,6,3,6,0,6,2,,,,,3,0,Completed,1.12,5.5,1.13,6,1.15,5.2,1.147,7.18,1.16,5
51,New York,US Open,8/31/06,Grand Slam,Outdoor,Hard,2nd Round,5,Youzhny M.,Massu N.,54,41,745,910,5,7,6,7,6,4,6,3,6,0,3,2,Completed,1.57,2.25,1.65,2.25,1.68,2.1,1.658,2.42,1.7,2.1
51,New York,US Open,8/31/06,Grand Slam,Outdoor,Hard,2nd Round,5,Moodie W.,Monfils G.,82,31,495,1005,6,4,2,6,6,2,7,6,,,3,1,Completed,2.62,1.44,2.7,1.45,2.35,1.55,2.78,1.524,2.55,1.48
51,New York,US Open,8/31/06,Grand Slam,Outdoor,Hard,2nd Round,5,Djokovic N.,Fish M.,23,60,1183,651,7,6,6,4,3,6,7,6,,,3,1,Completed,1.53,2.37,1.55,2.45,1.53,2.4,1.541,2.75,1.58,2.3
51,New York,US Open,8/31/06,Grand Slam,Outdoor,Hard,2nd Round,5,Novak J.,Srichaphan P.,179,43,226,820,7,6,3,6,6,4,6,4,,,3,1,Completed,2.5,1.5,2.35,1.6,2.45,1.5,2.27,1.73,2.5,1.5
51,New York,US Open,8/31/06,Grand Slam,Outdoor,Hard,2nd Round,5,Becker B.,Grosjean S.,112,36,383,950,7,6,6,1,6,2,,,,,3,0,Completed,3.75,1.25,3.65,1.28,3.9,1.25,4.26,1.281,3.4,1.3
51,New York,US Open,9/1/06,Grand Slam,Outdoor,Hard,2nd Round,5,Agassi A.,Baghdatis M.,39,8,925,1922,6,4,6,4,3,6,5,7,7,5,3,2,Completed,2.75,1.39,2.75,1.45,2.75,1.4,2.86,1.485,2.85,1.4
51,New York,US Open,9/1/06,Grand Slam,Outdoor,Hard,2nd Round,5,Federer R.,Henman T.,1,62,7295,640,6,3,6,4,7,5,,,,,3,0,Completed,1.01,15,1.01,16,1.02,16,1.016,42.5,1.02,20
51,New York,US Open,9/1/06,Grand Slam,Outdoor,Hard,2nd Round,5,Ginepri R.,Goldstein P.,21,81,1205,497,6,2,6,2,6,4,,,,,3,0,Completed,1.22,4,1.28,3.65,1.28,3.46,1.289,4.16,1.28,3.5
51,New York,US Open,9/1/06,Grand Slam,Outdoor,Hard,2nd Round,5,Moya C.,Mathieu P.H.,48,59,785,660,7,6,7,6,6,4,,,,,3,0,Completed,1.61,2.2,1.73,2.1,1.65,2.15,1.709,2.31,1.72,2.08
51,New York,US Open,9/1/06,Grand Slam,Outdoor,Hard,2nd Round,5,Tursunov D.,Falla A.,25,129,1125,334,6,3,7,6,7,5,,,,,3,0,Completed,1.1,6.5,1.13,6,1.1,6.25,1.156,6.81,1.11,6.2
51,New York,US Open,9/1/06,Grand Slam,Outdoor,Hard,2nd Round,5,Gonzalez F.,Hajek J.,11,83,1850,495,6,4,6,4,6,2,,,,,3,0,Completed,1.04,10,1.07,8.5,1.07,7.19,1.067,13,1.06,8.4
51,New York,US Open,9/1/06,Grand Slam,Outdoor,Hard,2nd Round,5,Kubot L.,Okun N.,138,255,297,148,7,6,6,4,2,6,2,6,6,4,3,2,Completed,2,1.72,2.2,1.67,2.05,1.75,2.23,1.752,1.96,1.8
51,New York,US Open,9/1/06,Grand Slam,Outdoor,Hard,2nd Round,5,Berdych T.,Mayer F.,14,58,1660,675,6,1,3,6,6,3,6,3,,,3,1,Completed,1.22,4,1.28,3.65,1.28,3.49,1.284,4.22,1.26,3.7
51,New York,US Open,9/1/06,Grand Slam,Outdoor,Hard,2nd Round,5,Haas T.,Sluiter R.,16,89,1525,447,6,4,6,2,6,3,,,,,3,0,Completed,1.05,9,1.05,10,1.06,7.79,1.071,12,1.1,6.6
51,New York,US Open,9/1/06,Grand Slam,Outdoor,Hard,2nd Round,5,Davydenko N.,Mahut N.,6,66,2175,605,6,0,,,,,,,,,1,0,Retired,1.11,6,1.16,5.25,1.17,4.67,1.156,6.8,1.14,5.3
51,New York,US Open,9/1/06,Grand Slam,Outdoor,Hard,2nd Round,5,Murray A.,di Mauro A.,19,94,1300,437,6,0,6,1,6,1,,,,,3,0,Completed,1.04,10,1.04,11,1.07,7.19,1.054,15.5,1.04,11
51,New York,US Open,9/1/06,Grand Slam,Outdoor,Hard,2nd Round,5,Gaudio G.,Querrey S.,24,174,1175,238,3,6,6,2,6,1,6,4,,,3,1,Completed,2,1.72,2.25,1.65,2,1.75,2.37,1.68,2,1.77
51,New York,US Open,9/1/06,Grand Slam,Outdoor,Hard,2nd Round,5,Spadea V.,Bjorkman J.,84,35,490,953,6,4,7,6,6,2,,,,,3,0,Completed,1.53,2.37,1.55,2.45,1.5,2.45,1.595,2.58,1.5,2.5
51,New York,US Open,9/1/06,Grand Slam,Outdoor,Hard,2nd Round,5,Blake J.,Gabashvili T.,7,125,2085,351,6,3,6,4,7,6,,,,,3,0,Completed,1.05,9,1.08,8,1.1,6.75,1.093,9.75,1.1,6.6
51,New York,US Open,9/1/06,Grand Slam,Outdoor,Hard,2nd Round,5,Gicquel M.,Ferrero J.C.,79,18,504,1330,7,5,6,3,6,4,,,,,3,0,Completed,5,1.14,4.85,1.18,5,1.15,5.45,1.206,4.8,1.17
51,New York,US Open,9/3/06,Grand Slam,Outdoor,Hard,2nd Round,5,Rochus O.,Sweeting R.,30,495,1010,53,6,2,3,6,4,6,6,4,6,0,3,2,Completed,1.1,6.5,1.1,7,1.1,6.75,1.12,8.5,1.08,7.4
51,New York,US Open,9/3/06,Grand Slam,Outdoor,Hard,2nd Round,5,Safin M.,Nalbandian D.,104,4,400,3155,6,3,7,5,2,6,3,6,7,6,3,2,Completed,1.9,1.8,1.85,1.95,1.8,1.95,1.943,1.962,1.82,1.94
51,New York,US Open,9/3/06,Grand Slam,Outdoor,Hard,3rd Round,5,Robredo T.,Wawrinka S.,5,46,2190,803,6,3,6,4,6,2,,,,,3,0,Completed,1.39,2.75,1.42,2.85,1.42,2.75,1.485,2.86,1.37,3
51,New York,US Open,9/3/06,Grand Slam,Outdoor,Hard,3rd Round,5,Youzhny M.,Ferrer D.,54,13,745,1675,4,6,6,4,7,5,6,4,,,3,1,Completed,2.62,1.44,2.75,1.45,2.4,1.53,2.72,1.549,2.5,1.5
51,New York,US Open,9/3/06,Grand Slam,Outdoor,Hard,3rd Round,5,Becker B.,Agassi A.,112,39,383,925,7,5,6,7,6,4,7,5,,,3,1,Completed,3.5,1.28,3.5,1.3,3.35,1.3,3.64,1.352,3.4,1.3
51,New York,US Open,9/3/06,Grand Slam,Outdoor,Hard,3rd Round,5,Novak J.,Malisse X.,179,33,226,983,6,7,6,3,6,4,6,4,,,3,1,Completed,3.25,1.33,3.2,1.35,3.1,1.35,3.66,1.35,3.1,1.35
51,New York,US Open,9/3/06,Grand Slam,Outdoor,Hard,3rd Round,5,Hewitt L.,Djokovic N.,17,23,1515,1183,6,3,6,1,6,2,,,,,3,0,Completed,1.66,2.1,1.73,2.1,1.71,2.05,1.746,2.24,1.7,2.1
51,New York,US Open,9/3/06,Grand Slam,Outdoor,Hard,3rd Round,5,Gasquet R.,Chiudinelli M.,29,306,1060,120,7,6,6,3,2,6,7,6,,,3,1,Completed,1.06,8,1.04,11,1.05,8.5,1.062,14.2,1.05,10
51,New York,US Open,9/3/06,Grand Slam,Outdoor,Hard,3rd Round,5,Roddick A.,Verdasco F.,10,26,1890,1115,6,7,6,3,6,4,6,7,6,2,3,2,Completed,1.12,5.5,1.12,6.25,1.13,5.5,1.137,7.6,1.14,5.35
51,New York,US Open,9/3/06,Grand Slam,Outdoor,Hard,3rd Round,5,Murray A.,Gonzalez F.,19,11,1300,1850,6,3,3,6,2,6,6,3,6,2,3,2,Completed,1.8,1.9,1.9,1.9,1.9,1.85,2,1.909,1.88,1.88
51,New York,US Open,9/3/06,Grand Slam,Outdoor,Hard,3rd Round,5,Berdych T.,Tursunov D.,14,25,1660,1125,6,7,6,3,3,6,6,3,6,4,3,2,Completed,1.66,2.1,1.73,2.1,1.65,2.15,1.746,2.24,1.78,2
51,New York,US Open,9/3/06,Grand Slam,Outdoor,Hard,3rd Round,5,Nadal R.,Moodie W.,2,82,4625,495,6,4,7,6,7,6,,,,,3,0,Completed,1.03,11,1.04,11,1.04,9.25,1.054,15.5,1.04,12.5
51,New York,US Open,9/3/06,Grand Slam,Outdoor,Hard,3rd Round,5,Davydenko N.,Kubot L.,6,138,2175,297,6,4,6,1,6,1,,,,,3,0,Completed,1.06,8,1.05,10,1.07,7.19,1.07,12.25,1.06,8.5
51,New York,US Open,9/4/06,Grand Slam,Outdoor,Hard,3rd Round,5,Gicquel M.,Gaudio G.,79,24,504,1175,6,0,4,6,4,6,6,1,7,6,3,2,Completed,2.25,1.57,2.15,1.7,2.15,1.65,2.34,1.694,2.3,1.58
51,New York,US Open,9/4/06,Grand Slam,Outdoor,Hard,3rd Round,5,Federer R.,Spadea V.,1,84,7295,490,6,3,6,3,6,0,,,,,3,0,Completed,1.01,15,1.01,16,1.01,13.5,1.01,71,1.01,40
51,New York,US Open,9/4/06,Grand Slam,Outdoor,Hard,3rd Round,5,Blake J.,Moya C.,7,48,2085,785,6,4,7,6,2,6,6,3,,,3,1,Completed,1.36,3,1.4,2.95,1.35,3.05,1.376,3.46,1.42,2.75
51,New York,US Open,9/4/06,Grand Slam,Outdoor,Hard,3rd Round,5,Haas T.,Ginepri R.,16,21,1525,1205,7,6,6,4,3,6,3,6,7,6,3,2,Completed,1.53,2.37,1.55,2.45,1.6,2.25,1.613,2.53,1.6,2.3
51,New York,US Open,9/4/06,Grand Slam,Outdoor,Hard,3rd Round,5,Safin M.,Rochus O.,104,30,400,1010,6,3,6,2,6,3,,,,,3,0,Completed,1.5,2.5,1.5,2.6,1.5,2.45,1.524,2.78,1.58,2.33
51,New York,US Open,9/4/06,Grand Slam,Outdoor,Hard,4th Round,5,Nadal R.,Novak J.,2,179,4625,226,6,1,7,6,6,4,,,,,3,0,Completed,1.04,9,1.05,10,1.04,9.25,1.05,16,1.04,12.5
51,New York,US Open,9/4/06,Grand Slam,Outdoor,Hard,4th Round,5,Youzhny M.,Robredo T.,54,5,745,2190,6,2,6,0,6,1,,,,,3,0,Completed,2.75,1.39,3.1,1.37,2.83,1.39,3.25,1.408,2.88,1.4
51,New York,US Open,9/4/06,Grand Slam,Outdoor,Hard,4th Round,5,Roddick A.,Becker B.,10,112,1890,383,6,3,6,4,6,3,,,,,3,0,Completed,1.1,6.5,1.1,7,1.13,5.5,1.134,7.75,1.12,6
51,New York,US Open,9/5/06,Grand Slam,Outdoor,Hard,4th Round,5,Hewitt L.,Gasquet R.,17,29,1515,1060,6,4,6,4,4,6,3,6,6,3,3,2,Completed,1.72,2,1.65,2.25,1.75,2.05,1.714,2.3,1.7,2.1
51,New York,US Open,9/6/06,Grand Slam,Outdoor,Hard,4th Round,5,Haas T.,Safin M.,16,104,1525,400,4,6,6,3,2,6,6,2,7,6,3,2,Completed,2.5,1.5,2.75,1.45,2.6,1.45,2.78,1.524,2.5,1.5
51,New York,US Open,9/6/06,Grand Slam,Outdoor,Hard,4th Round,5,Davydenko N.,Murray A.,6,19,2175,1300,6,1,5,7,6,3,6,0,,,3,1,Completed,2,1.72,1.95,1.85,1.91,1.83,2.02,1.893,1.94,1.83
51,New York,US Open,9/6/06,Grand Slam,Outdoor,Hard,4th Round,5,Federer R.,Gicquel M.,1,79,7295,504,6,3,7,6,6,3,,,,,3,0,Completed,1.01,15,1.01,16,1.01,13.5,1.015,46,1.01,40
51,New York,US Open,9/6/06,Grand Slam,Outdoor,Hard,4th Round,5,Blake J.,Berdych T.,7,14,2085,1660,6,4,6,3,6,1,,,,,3,0,Completed,1.5,2.5,1.57,2.4,1.55,2.4,1.559,2.69,1.5,2.52
51,New York,US Open,9/6/06,Grand Slam,Outdoor,Hard,Quarterfinals,5,Youzhny M.,Nadal R.,54,2,745,4625,6,3,5,7,7,6,6,1,,,3,1,Completed,5.5,1.12,5.5,1.15,4.65,1.17,5.46,1.206,4.85,1.17
51,New York,US Open,9/7/06,Grand Slam,Outdoor,Hard,Quarterfinals,5,Roddick A.,Hewitt L.,10,17,1890,1515,6,3,7,5,6,4,,,,,3,0,Completed,1.5,2.5,1.57,2.4,1.58,2.28,1.578,2.63,1.58,2.32
51,New York,US Open,9/7/06,Grand Slam,Outdoor,Hard,Quarterfinals,5,Davydenko N.,Haas T.,6,16,2175,1525,4,6,6,7,6,3,6,4,6,4,3,2,Completed,1.53,2.37,1.55,2.45,1.5,2.5,1.556,2.7,1.5,2.55
51,New York,US Open,9/8/06,Grand Slam,Outdoor,Hard,Quarterfinals,5,Federer R.,Blake J.,1,7,7295,2085,7,6,6,0,6,7,6,4,,,3,1,Completed,1.08,7,1.08,8,1.07,7.19,1.131,7.94,1.1,6.6
51,New York,US Open,9/9/06,Grand Slam,Outdoor,Hard,Semifinals,5,Federer R.,Davydenko N.,1,6,7295,2175,6,1,7,5,6,4,,,,,3,0,Completed,1.05,10,1.07,8.5,1.05,8.5,1.067,13,1.07,8
51,New York,US Open,9/9/06,Grand Slam,Outdoor,Hard,Semifinals,5,Roddick A.,Youzhny M.,10,54,1890,745,6,7,6,0,7,6,6,3,,,3,1,Completed,1.28,3.75,1.28,3.65,1.3,3.35,1.333,3.7,1.3,3.4
51,New York,US Open,9/10/06,Grand Slam,Outdoor,Hard,The Final,5,Federer R.,Roddick A.,1,10,7295,1890,6,2,4,6,7,5,6,1,,,3,1,Completed,1.12,6,1.16,5.2,1.15,5.65,1.161,6.61,1.14,5.85
52,Beijing,China Open,9/11/06,International,Outdoor,Hard,1st Round,3,Wang Y.T.,Yu X.Y.,130,540,329,47,6,1,6,4,,,,,,,2,0,Completed,,,,,,,,,,
52,Beijing,China Open,9/11/06,International,Outdoor,Hard,1st Round,3,Lee H.T.,Kunitsyn I.,63,119,606,364,6,3,6,4,,,,,,,2,0,Completed,1.28,3.25,1.3,3.4,1.3,3.35,1.317,3.85,1.29,3.45
52,Beijing,China Open,9/11/06,International,Outdoor,Hard,1st Round,3,Galvani S.,Lu Y.H.,107,133,395,316,6,3,7,6,,,,,,,2,0,Completed,2.1,1.66,1.93,1.83,,,2.15,1.8,2.08,1.7
52,Beijing,China Open,9/11/06,International,Outdoor,Hard,1st Round,3,Udomchoke D.,Chiudinelli M.,122,188,362,210,0,6,6,2,6,3,,,,,2,1,Completed,2.2,1.61,2.15,1.67,2.15,1.65,2.29,1.719,2.25,1.6
52,Beijing,China Open,9/11/06,International,Outdoor,Hard,1st Round,3,Hrbaty D.,de Voest R.,28,113,1055,388,6,1,6,0,,,,,,,2,0,Completed,1.14,5,1.16,5,1.15,5.2,1.217,5.2,1.14,5.3
52,Beijing,China Open,9/11/06,International,Outdoor,Hard,1st Round,3,Kim K.,Pless K.,89,111,459,391,6,2,6,4,,,,,,,2,0,Completed,1.5,2.5,1.6,2.3,1.53,2.4,1.667,2.4,1.45,2.65
52,Beijing,China Open,9/11/06,International,Outdoor,Hard,1st Round,3,Srichaphan P.,Schuettler R.,47,86,780,474,6,3,6,3,,,,,,,2,0,Completed,1.22,3.75,1.33,3.2,1.32,3.22,1.333,3.7,1.34,3.12
52,Beijing,China Open,9/12/06,International,Outdoor,Hard,1st Round,3,Berrer M.,Motomura G.,145,313,292,116,7,5,6,4,,,,,,,2,0,Completed,1.25,3.5,,,,,,,,
52,Beijing,China Open,9/12/06,International,Outdoor,Hard,1st Round,3,Karlovic I.,Ledovskikh M.,72,284,556,135,6,2,7,6,,,,,,,2,0,Completed,1.22,3.75,,,,,,,,
52,Beijing,China Open,9/12/06,International,Outdoor,Hard,1st Round,3,Iwabuchi S.,Healey N.,428,195,69,205,6,1,7,6,,,,,,,2,0,Completed,2.87,1.36,,,,,,,,
52,Beijing,China Open,9/12/06,International,Outdoor,Hard,1st Round,3,Gregorc L.,Wang Y.Jr.,481,484,55,55,7,6,6,3,,,,,,,2,0,Completed,,,,,,,2.04,1.877,,
52,Beijing,China Open,9/12/06,International,Outdoor,Hard,1st Round,3,Ancic M.,Lopez F.,12,81,1800,505,6,3,3,6,6,3,,,,,2,1,Completed,1.66,2.1,1.77,2,1.83,1.91,1.87,2.05,1.77,2
52,Beijing,China Open,9/12/06,International,Outdoor,Hard,1st Round,3,Peya A.,Delgado R.,143,106,294,397,6,4,6,2,,,,,,,2,0,Completed,1.8,1.9,1.77,2,1.87,1.87,1.847,2.08,1.9,1.85
52,Beijing,China Open,9/12/06,International,Outdoor,Hard,1st Round,3,Ljubicic I.,Soeda G.,3,186,3245,212,6,4,6,2,,,,,,,2,0,Completed,1.05,8,1.03,11,1.05,8.5,1.05,16,1.05,10
52,Beijing,China Open,9/12/06,International,Outdoor,Hard,1st Round,3,Baghdatis M.,Gremelmayr D.,9,97,1952,424,4,6,6,1,7,6,,,,,2,1,Completed,1.12,5.5,1.16,5,1.15,5.2,1.18,6.05,1.16,4.9
52,Beijing,China Open,9/13/06,International,Outdoor,Hard,1st Round,3,Davydenko N.,Carlsen K.,5,121,2590,362,6,3,6,3,,,,,,,2,0,Completed,1.16,4.5,1.35,3.1,1.42,2.75,1.333,3.7,1.47,2.6
52,Beijing,China Open,9/13/06,International,Outdoor,Hard,2nd Round,3,Hrbaty D.,Peya A.,28,143,1055,294,6,1,2,6,6,0,,,,,2,1,Completed,1.22,4,1.22,4.1,1.25,3.75,1.267,4.45,1.22,4.1
52,Beijing,China Open,9/13/06,International,Outdoor,Hard,2nd Round,3,Baghdatis M.,Wang Y.T.,9,130,1952,329,7,6,6,4,,,,,,,2,0,Completed,1.16,4.5,1.18,4.65,1.23,3.89,1.233,4.9,1.2,4.3
52,Beijing,China Open,9/13/06,International,Outdoor,Hard,2nd Round,3,Udomchoke D.,Karlovic I.,122,72,362,556,6,2,3,1,,,,,,,1,0,Retired,2.62,1.44,2.7,1.45,2.85,1.4,3.21,1.415,2.77,1.42
52,Beijing,China Open,9/13/06,International,Outdoor,Hard,2nd Round,3,Ancic M.,Galvani S.,12,107,1800,395,6,3,7,5,,,,,,,2,0,Completed,1.07,7.5,1.1,6.5,1.11,5.84,1.1,9,1.1,6.25
52,Beijing,China Open,9/14/06,International,Outdoor,Hard,2nd Round,3,Lee H.T.,Berrer M.,63,145,606,292,4,6,7,6,7,6,,,,,2,1,Completed,1.44,2.62,1.4,2.85,1.4,2.85,1.439,3.08,1.36,3
52,Beijing,China Open,9/14/06,International,Outdoor,Hard,2nd Round,3,Ljubicic I.,Kim K.,3,89,3245,459,6,3,6,4,,,,,,,2,0,Completed,1.08,7,1.08,7.5,1.1,6.75,1.111,8.75,1.1,6.6
52,Beijing,China Open,9/14/06,International,Outdoor,Hard,2nd Round,3,Davydenko N.,Gregorc L.,5,481,2590,55,7,6,6,2,,,,,,,2,0,Completed,1.05,8.5,1.06,8.5,1.06,7.79,1.083,11,1.08,7.2
52,Beijing,China Open,9/14/06,International,Outdoor,Hard,2nd Round,3,Srichaphan P.,Iwabuchi S.,47,428,780,69,6,3,6,1,,,,,,,2,0,Completed,1.08,7,1.08,7.5,1.1,6.75,1.118,8.65,1.12,5.8
52,Beijing,China Open,9/15/06,International,Outdoor,Hard,Quarterfinals,3,Ancic M.,Hrbaty D.,12,28,1800,1055,2,6,7,6,6,4,,,,,2,1,Completed,1.44,2.62,1.5,2.55,1.48,2.53,1.559,2.69,1.57,2.33
52,Beijing,China Open,9/15/06,International,Outdoor,Hard,Quarterfinals,3,Lee H.T.,Ljubicic I.,63,3,606,3245,6,3,7,6,,,,,,,2,0,Completed,4.5,1.16,5,1.16,4.67,1.17,5.75,1.19,4.75,1.17
52,Beijing,China Open,9/15/06,International,Outdoor,Hard,Quarterfinals,3,Baghdatis M.,Udomchoke D.,9,122,1952,362,6,2,6,1,,,,,,,2,0,Completed,1.16,4.5,1.18,4.65,1.2,4.25,1.233,4.89,1.2,4.3
52,Beijing,China Open,9/15/06,International,Outdoor,Hard,Quarterfinals,3,Srichaphan P.,Davydenko N.,47,5,780,2590,6,2,1,0,,,,,,,1,0,Retired,2.62,1.44,2.6,1.48,2.45,1.5,2.78,1.524,2.5,1.5
52,Beijing,China Open,9/16/06,International,Outdoor,Hard,Semifinals,3,Ancic M.,Lee H.T.,12,63,1800,606,4,6,6,1,6,1,,,,,2,1,Completed,1.33,3.25,1.37,3,1.4,2.85,1.38,3.43,1.4,2.85
52,Beijing,China Open,9/16/06,International,Outdoor,Hard,Semifinals,3,Baghdatis M.,Srichaphan P.,9,47,1952,780,6,2,3,6,7,5,,,,,2,1,Completed,1.44,2.62,1.5,2.55,1.48,2.53,1.568,2.66,1.54,2.4
52,Beijing,China Open,9/17/06,International,Outdoor,Hard,The Final,3,Baghdatis M.,Ancic M.,9,12,1952,1800,6,4,6,0,,,,,,,2,0,Completed,1.72,2,1.83,1.93,1.8,1.95,1.917,1.99,1.77,2
53,Bucharest,Open Romania,9/11/06,International,Outdoor,Clay,1st Round,3,Vassallo-Arguello M.,Sabau R.,108,163,393,255,6,3,1,6,6,3,,,,,2,1,Completed,1.39,2.75,1.55,2.4,1.48,2.53,1.457,2.99,,
53,Bucharest,Open Romania,9/11/06,International,Outdoor,Clay,1st Round,3,Simon G.,Monaco J.,46,70,781,564,7,5,3,6,6,3,,,,,2,1,Completed,2.2,1.61,2.15,1.67,2.17,1.64,2.48,1.633,,
53,Bucharest,Open Romania,9/11/06,International,Outdoor,Clay,1st Round,3,Ramirez-Hidalgo R.,Ionita V.,59,271,668,142,6,4,6,4,,,,,,,2,0,Completed,1.25,3.5,,,,,1.35,3.66,1.27,3.55
53,Bucharest,Open Romania,9/11/06,International,Outdoor,Clay,1st Round,3,Garcia-Lopez G.,Montanes A.,82,84,500,489,3,6,7,5,6,1,,,,,2,1,Completed,1.66,2.1,1.7,2.1,1.8,1.95,1.82,2.12,1.8,1.96
53,Bucharest,Open Romania,9/12/06,International,Outdoor,Clay,1st Round,3,Volandri F.,Vagnozzi S.,51,194,750,206,3,6,6,2,6,2,,,,,2,1,Completed,,,,,1.1,6.75,1.165,6.45,,
53,Bucharest,Open Romania,9/12/06,International,Outdoor,Clay,1st Round,3,Roitman S.,di Mauro A.,110,88,393,467,6,3,6,2,,,,,,,2,0,Completed,1.66,2.1,1.6,2.3,1.58,2.28,1.699,2.33,1.67,2.15
53,Bucharest,Open Romania,9/12/06,International,Outdoor,Clay,1st Round,3,Rochus C.,Dolgopolov A.,64,375,605,86,6,1,7,6,,,,,,,2,0,Completed,,,,,1.6,2.3,1.699,2.33,,
53,Bucharest,Open Romania,9/12/06,International,Outdoor,Clay,1st Round,3,Crivoi V.,Massa E.,196,323,205,110,7,5,4,6,6,4,,,,,2,1,Completed,,,1.62,2.25,1.44,2.67,1.595,2.58,1.55,2.3
53,Bucharest,Open Romania,9/12/06,International,Outdoor,Clay,1st Round,3,Melzer J.,Mertinak M.,67,306,595,119,5,7,6,2,7,5,,,,,2,1,Completed,1.28,3.25,,,1.35,3.1,1.395,3.33,,
53,Bucharest,Open Romania,9/12/06,International,Outdoor,Clay,1st Round,3,Serra F.,Aranguren J.M.,44,327,785,109,6,1,6,0,,,,,,,2,0,Completed,1.22,3.75,,,1.25,3.6,1.294,4.1,,
53,Bucharest,Open Romania,9/12/06,International,Outdoor,Clay,1st Round,3,Koubek S.,Zabaleta M.,118,366,373,91,4,6,6,4,6,3,,,,,2,1,Completed,2.75,1.39,2.55,1.5,2.45,1.5,2.62,1.581,2.77,1.42
53,Bucharest,Open Romania,9/12/06,International,Outdoor,Clay,1st Round,3,Moya C.,Horna L.,41,56,825,672,6,7,7,6,7,5,,,,,2,1,Completed,1.44,2.62,1.48,2.6,1.45,2.65,1.565,2.67,1.46,2.62
53,Bucharest,Open Romania,9/12/06,International,Outdoor,Clay,1st Round,3,Mathieu P.H.,Greul S.,54,83,690,490,6,1,6,1,,,,,,,2,0,Completed,1.36,2.87,1.4,2.85,1.4,2.85,1.418,3.19,1.34,3.12
53,Bucharest,Open Romania,9/12/06,International,Outdoor,Clay,1st Round,3,Pavel A.,Pashanski B.,79,92,514,447,6,3,6,1,,,,,,,2,0,Completed,1.28,3.25,1.25,3.85,1.25,3.75,1.247,4.65,1.27,3.6
53,Bucharest,Open Romania,9/12/06,International,Outdoor,Clay,1st Round,3,Mayer F.,Starace P.,53,101,705,403,6,2,6,3,,,,,,,2,0,Completed,1.36,2.87,1.42,2.8,1.37,2.92,1.441,3.07,1.43,2.72
53,Bucharest,Open Romania,9/12/06,International,Outdoor,Clay,1st Round,3,Tursunov D.,Waske A.,22,114,1165,384,1,6,7,6,6,4,,,,,2,1,Completed,1.39,2.75,1.4,2.85,1.375,2.92,1.351,3.65,1.43,2.72
53,Bucharest,Open Romania,9/13/06,International,Outdoor,Clay,2nd Round,3,Serra F.,Vassallo-Arguello M.,44,108,785,393,6,4,6,1,,,,,,,2,0,Completed,1.36,3,1.3,3.35,1.3,3.35,1.398,3.31,1.33,3.15
53,Bucharest,Open Romania,9/13/06,International,Outdoor,Clay,2nd Round,3,Ramirez-Hidalgo R.,Rochus C.,59,64,668,605,3,6,6,3,6,1,,,,,2,1,Completed,1.33,3.25,1.33,3.2,1.32,3.22,1.333,3.7,1.35,3.1
53,Bucharest,Open Romania,9/13/06,International,Outdoor,Clay,2nd Round,3,Melzer J.,Simon G.,67,46,595,781,3,6,6,3,6,4,,,,,2,1,Completed,2,1.72,2.1,1.7,2.15,1.65,2.12,1.82,2.15,1.65
53,Bucharest,Open Romania,9/13/06,International,Outdoor,Clay,2nd Round,3,Mayer F.,Roitman S.,53,110,705,393,6,4,6,1,,,,,,,2,0,Completed,1.25,3.5,1.28,3.55,1.15,4.65,1.222,5.1,1.22,4.05
53,Bucharest,Open Romania,9/14/06,International,Outdoor,Clay,2nd Round,3,Mathieu P.H.,Crivoi V.,54,196,690,205,6,1,6,1,,,,,,,2,0,Completed,1.12,5.5,1.14,5.4,1.17,4.67,1.196,5.6,1.15,5.1
53,Bucharest,Open Romania,9/14/06,International,Outdoor,Clay,2nd Round,3,Volandri F.,Koubek S.,51,118,750,373,3,6,6,2,6,2,,,,,2,1,Completed,1.28,3.5,1.3,3.4,1.32,3.22,1.366,3.53,1.3,3.35
53,Bucharest,Open Romania,9/14/06,International,Outdoor,Clay,2nd Round,3,Moya C.,Pavel A.,41,79,825,514,6,4,7,6,,,,,,,2,0,Completed,1.5,2.5,1.55,2.4,1.55,2.35,1.637,2.47,1.55,2.38
53,Bucharest,Open Romania,9/14/06,International,Outdoor,Clay,2nd Round,3,Garcia-Lopez G.,Tursunov D.,82,22,500,1165,6,2,3,6,7,6,,,,,2,1,Completed,1.57,2.25,1.57,2.35,1.6,2.25,2.03,1.885,1.58,2.32
53,Bucharest,Open Romania,9/15/06,International,Outdoor,Clay,Quarterfinals,3,Serra F.,Mayer F.,44,53,785,705,6,3,7,6,,,,,,,2,0,Completed,2.25,1.57,2.3,1.6,2.3,1.6,2.43,1.654,2.2,1.64
53,Bucharest,Open Romania,9/15/06,International,Outdoor,Clay,Quarterfinals,3,Mathieu P.H.,Garcia-Lopez G.,54,82,690,500,6,1,6,4,,,,,,,2,0,Completed,1.5,2.5,1.4,2.85,1.4,2.85,1.465,2.95,1.41,2.8
53,Bucharest,Open Romania,9/15/06,International,Outdoor,Clay,Quarterfinals,3,Melzer J.,Ramirez-Hidalgo R.,67,59,595,668,6,4,6,2,,,,,,,2,0,Completed,2.2,1.61,2.25,1.62,2.25,1.6,2.34,1.694,2.25,1.6
53,Bucharest,Open Romania,9/15/06,International,Outdoor,Clay,Quarterfinals,3,Volandri F.,Moya C.,51,41,750,825,6,3,6,3,,,,,,,2,0,Completed,3,1.36,3.4,1.3,2.92,1.37,3.56,1.362,3,1.36
53,Bucharest,Open Romania,9/16/06,International,Outdoor,Clay,Semifinals,3,Melzer J.,Mathieu P.H.,67,54,595,690,6,4,,,,,,,,,1,0,Retired,2.5,1.5,2.6,1.48,2.53,1.48,2.65,1.571,2.55,1.48
53,Bucharest,Open Romania,9/16/06,International,Outdoor,Clay,Semifinals,3,Volandri F.,Serra F.,51,44,750,785,7,6,6,4,,,,,,,2,0,Completed,1.72,2,1.77,2,1.8,1.95,1.813,2.13,1.78,1.99
53,Bucharest,Open Romania,9/17/06,International,Outdoor,Clay,The Final,3,Melzer J.,Volandri F.,67,51,595,750,6,1,7,5,,,,,,,2,0,Completed,2.37,1.53,2.45,1.53,2.35,1.55,2.41,1.662,2.45,1.52
54,Bangkok,Thailand Open,9/26/06,International,Indoor,Hard,1st Round,3,Ledovskikh M.,Ryderstedt M.,276,386,142,86,6,1,7,6,,,,,,,2,0,Completed,2.1,1.66,,,,,2.39,1.671,,
54,Bangkok,Thailand Open,9/26/06,International,Indoor,Hard,1st Round,3,Bogdanovic A.,Wang Y.T.,148,131,295,338,6,7,6,4,6,4,,,,,2,1,Completed,2.62,1.44,2.6,1.48,2.45,1.5,2.68,1.562,2.4,1.54
54,Bangkok,Thailand Open,9/26/06,International,Indoor,Hard,1st Round,3,Ginepri R.,Carlsen K.,40,124,830,362,6,3,6,4,,,,,,,2,0,Completed,1.3,3.2,1.3,3.4,1.3,3.45,1.325,3.78,1.33,3.2
54,Bangkok,Thailand Open,9/26/06,International,Indoor,Hard,1st Round,3,Zverev M.,Ferrero J.C.,196,18,206,1325,4,6,6,2,6,4,,,,,2,1,Completed,5.5,1.12,5,1.16,4.67,1.17,6.4,1.167,,
54,Bangkok,Thailand Open,9/26/06,International,Indoor,Hard,1st Round,3,Dancevic F.,Burgsmuller L.,92,173,450,240,7,5,3,6,7,6,,,,,2,1,Completed,1.66,2.1,1.7,2.1,1.65,2.15,1.649,2.44,,
54,Bangkok,Thailand Open,9/26/06,International,Indoor,Hard,1st Round,3,Becker B.,Daniel M.,75,110,544,390,6,3,6,2,,,,,,,2,0,Completed,1.22,3.75,1.25,3.85,1.17,4.67,1.263,4.5,1.22,4
54,Bangkok,Thailand Open,9/26/06,International,Indoor,Hard,1st Round,3,Ljubicic I.,Vicente F.,3,96,3245,420,6,3,3,6,6,4,,,,,2,1,Completed,1.03,10,1.04,10,1.04,9.25,1.057,14.5,1.05,9
54,Bangkok,Thailand Open,9/27/06,International,Indoor,Hard,1st Round,3,Nieminen J.,Massa E.,17,247,1365,158,6,7,6,3,6,2,,,,,2,1,Completed,1.12,5.5,1.13,5.65,1.15,5.2,1.163,6.55,1.16,5
54,Bangkok,Thailand Open,9/27/06,International,Indoor,Hard,1st Round,3,Benneteau J.,Iwabuchi S.,48,368,764,89,6,4,6,2,,,,,,,2,0,Completed,,,,,,,,,,
54,Bangkok,Thailand Open,9/27/06,International,Indoor,Hard,1st Round,3,Schuettler R.,Lee H.T.,85,57,474,671,6,1,6,4,,,,,,,2,0,Completed,3,1.33,2.7,1.45,2.83,1.39,3.07,1.441,2.75,1.4
54,Bangkok,Thailand Open,9/27/06,International,Indoor,Hard,1st Round,3,Henman T.,Murray A.,59,16,670,1400,6,4,6,2,,,,,,,2,0,Completed,3.25,1.28,3,1.37,2.85,1.4,3.45,1.377,3.09,1.35
54,Bangkok,Thailand Open,9/27/06,International,Indoor,Hard,1st Round,3,Balleret B.,Waske A.,251,114,154,384,7,5,2,6,6,1,,,,,2,1,Completed,,,3.4,1.3,,,3.96,1.307,,
54,Bangkok,Thailand Open,9/27/06,International,Indoor,Hard,1st Round,3,Udomchoke D.,Bastl G.,113,152,387,291,6,3,6,0,,,,,,,2,0,Completed,1.66,2.1,1.77,2,1.75,2.05,1.769,2.2,1.74,2.04
54,Bangkok,Thailand Open,9/27/06,International,Indoor,Hard,1st Round,3,Safin M.,Kim K.,72,87,550,469,2,6,6,1,6,4,,,,,2,1,Completed,1.16,4.5,1.2,4.4,1.2,4.25,1.228,4.98,1.22,4.1
54,Bangkok,Thailand Open,9/27/06,International,Indoor,Hard,1st Round,3,Srichaphan P.,Lopez F.,41,80,830,505,6,1,6,4,,,,,,,2,0,Completed,1.66,2.1,1.7,2.1,1.73,2.03,1.676,2.38,1.73,2.05
54,Bangkok,Thailand Open,9/27/06,International,Indoor,Hard,1st Round,3,Blake J.,Cilic M.,9,202,2085,200,6,1,6,2,,,,,,,2,0,Completed,1.1,6,1.12,6,1.13,5.5,1.164,6.49,1.14,5.3
54,Bangkok,Thailand Open,9/28/06,International,Indoor,Hard,2nd Round,3,Henman T.,Bogdanovic A.,59,148,670,295,6,3,5,7,6,1,,,,,2,1,Completed,1.14,5,1.13,5.65,1.15,5.2,1.14,7.45,1.12,5.7
54,Bangkok,Thailand Open,9/28/06,International,Indoor,Hard,2nd Round,3,Nieminen J.,Dancevic F.,17,92,1365,450,2,6,7,6,6,4,,,,,2,1,Completed,1.16,4.5,1.2,4.4,1.25,3.75,1.217,5.2,1.22,4.1
54,Bangkok,Thailand Open,9/28/06,International,Indoor,Hard,2nd Round,3,Ginepri R.,Udomchoke D.,40,113,830,387,6,3,6,3,,,,,,,2,0,Completed,1.36,3,1.33,3.2,1.35,3.1,1.391,3.36,1.34,3.12
54,Bangkok,Thailand Open,9/28/06,International,Indoor,Hard,2nd Round,3,Safin M.,Benneteau J.,72,48,550,764,7,6,6,7,6,2,,,,,2,1,Completed,1.25,3.75,1.28,3.55,1.25,3.9,1.319,3.83,1.28,3.5
54,Bangkok,Thailand Open,9/28/06,International,Indoor,Hard,2nd Round,3,Blake J.,Balleret B.,9,251,2085,154,6,3,6,2,,,,,,,2,0,Completed,1.05,8.5,1.05,9,1.06,7.79,1.048,16.75,1.05,9.5
54,Bangkok,Thailand Open,9/28/06,International,Indoor,Hard,2nd Round,3,Zverev M.,Schuettler R.,196,85,206,474,7,6,7,5,,,,,,,2,0,Completed,2.37,1.53,2.25,1.62,2.25,1.6,2.26,1.735,2.3,1.58
54,Bangkok,Thailand Open,9/28/06,International,Indoor,Hard,2nd Round,3,Srichaphan P.,Ledovskikh M.,41,276,830,142,6,4,5,7,6,2,,,,,2,1,Completed,1.1,6.5,1.1,6.5,1.1,6.75,1.077,11.5,1.12,5.8
54,Bangkok,Thailand Open,9/28/06,International,Indoor,Hard,2nd Round,3,Ljubicic I.,Becker B.,3,75,3245,544,7,6,7,5,,,,,,,2,0,Completed,1.3,3.39,1.3,3.4,1.32,3.22,1.382,3.42,1.3,3.4
54,Bangkok,Thailand Open,9/29/06,International,Indoor,Hard,Quarterfinals,3,Blake J.,Nieminen J.,9,17,2085,1365,6,2,2,6,7,5,,,,,2,1,Completed,1.28,3.5,1.3,3.5,1.32,3.22,1.312,3.91,1.32,3.25
54,Bangkok,Thailand Open,9/29/06,International,Indoor,Hard,Quarterfinals,3,Safin M.,Zverev M.,72,196,550,206,7,6,5,7,7,5,,,,,2,1,Completed,1.12,5.5,1.14,5.65,1.17,4.67,1.161,6.62,1.15,5.1
54,Bangkok,Thailand Open,9/29/06,International,Indoor,Hard,Quarterfinals,3,Srichaphan P.,Henman T.,41,59,830,670,6,7,6,4,7,6,,,,,2,1,Completed,2,1.72,1.95,1.85,2.05,1.75,2.01,1.901,1.92,1.84
54,Bangkok,Thailand Open,9/29/06,International,Indoor,Hard,Quarterfinals,3,Ljubicic I.,Ginepri R.,3,40,3245,830,4,6,6,3,6,4,,,,,2,1,Completed,1.44,2.62,1.5,2.6,1.53,2.4,1.461,2.97,1.5,2.5
54,Bangkok,Thailand Open,9/30/06,International,Indoor,Hard,Semifinals,3,Blake J.,Safin M.,9,72,2085,550,3,6,6,4,7,6,,,,,2,1,Completed,1.72,2,1.81,2,1.75,2.05,1.826,2.11,1.78,1.98
54,Bangkok,Thailand Open,9/30/06,International,Indoor,Hard,Semifinals,3,Ljubicic I.,Srichaphan P.,3,41,3245,830,6,3,6,2,,,,,,,2,0,Completed,1.36,3,1.35,3.2,1.4,2.85,1.417,3.2,1.38,2.92
54,Bangkok,Thailand Open,10/1/06,International,Indoor,Hard,The Final,3,Blake J.,Ljubicic I.,9,3,2085,3245,6,3,6,1,,,,,,,2,0,Completed,2.2,1.61,2.3,1.6,2.15,1.65,2.56,1.602,2.18,1.65
55,Mumbai,Kingfisher Airlines Tennis Open,9/25/06,International,Indoor,Hard,1st Round,3,Motomura G.,Smit J.,291,711,126,24,3,6,6,0,7,6,,,,,2,1,Completed,,,,,,,,,,
55,Mumbai,Kingfisher Airlines Tennis Open,9/25/06,International,Indoor,Hard,1st Round,3,Auckland J.,Moser F.,414,424,74,71,6,1,6,4,,,,,,,2,0,Completed,,,,,,,,,,
55,Mumbai,Kingfisher Airlines Tennis Open,9/25/06,International,Indoor,Hard,1st Round,3,Phau B.,Rastogi K.,66,359,597,94,6,0,6,4,,,,,,,2,0,Completed,1.19,4,,,1.15,5.2,1.215,5.25,1.2,4.25
55,Mumbai,Kingfisher Airlines Tennis Open,9/25/06,International,Indoor,Hard,1st Round,3,Galvani S.,Vik R.,108,86,392,472,5,7,6,4,6,4,,,,,2,1,Completed,2.5,1.5,2.4,1.55,2.3,1.6,2.51,1.621,2.35,1.56
55,Mumbai,Kingfisher Airlines Tennis Open,9/25/06,International,Indoor,Hard,1st Round,3,Ancic M.,Kunitsyn I.,11,122,1865,364,6,3,6,2,,,,,,,2,0,Completed,1.08,6.5,1.08,7.25,1.07,7.19,1.089,10.25,1.08,7.5
55,Mumbai,Kingfisher Airlines Tennis Open,9/25/06,International,Indoor,Hard,1st Round,3,Berrer M.,Economidis K.,145,123,300,363,6,2,7,6,,,,,,,2,0,Completed,1.33,3,1.34,3,1.3,3.34,1.415,3.21,1.38,2.92
55,Mumbai,Kingfisher Airlines Tennis Open,9/26/06,International,Indoor,Hard,1st Round,3,Greul S.,Lu Y.H.,81,137,483,314,7,6,6,3,,,,,,,2,0,Completed,1.53,2.37,1.67,2.15,1.6,2.3,1.61,2.54,1.55,2.38
55,Mumbai,Kingfisher Airlines Tennis Open,9/26/06,International,Indoor,Hard,1st Round,3,Pless K.,Gremelmayr D.,109,104,391,405,7,5,7,5,,,,,,,2,0,Completed,2.2,1.61,2.35,1.57,2.3,1.6,2.53,1.613,2.25,1.6
55,Mumbai,Kingfisher Airlines Tennis Open,9/26/06,International,Indoor,Hard,1st Round,3,Delgado R.,Sanguinetti D.,126,74,352,545,6,3,2,1,,,,,,,1,0,Retired,2.75,1.39,2.85,1.4,2.6,1.45,2.86,1.485,2.77,1.42
55,Mumbai,Kingfisher Airlines Tennis Open,9/26/06,International,Indoor,Hard,1st Round,3,Koubek S.,Monaco J.,118,70,377,564,7,6,6,4,,,,,,,2,0,Completed,2.2,1.61,2.05,1.75,2.3,1.6,2.16,1.794,2.12,1.68
55,Mumbai,Kingfisher Airlines Tennis Open,9/26/06,International,Indoor,Hard,1st Round,3,Moodie W.,Bopanna R.,73,275,550,142,3,6,7,6,6,4,,,,,2,1,Completed,1.36,2.87,,,1.37,2.92,1.485,2.86,1.42,2.77
55,Mumbai,Kingfisher Airlines Tennis Open,9/26/06,International,Indoor,Hard,1st Round,3,Del Potro J.M.,Moya C.,106,43,399,825,6,3,6,2,,,,,,,2,0,Completed,3.25,1.28,3.2,1.33,2.92,1.37,3.6,1.357,3.15,1.34
55,Mumbai,Kingfisher Airlines Tennis Open,9/27/06,International,Indoor,Hard,1st Round,3,Tursunov D.,Wagh A.,22,N/A,1165,N/A,6,2,7,5,,,,,,,2,0,Completed,1.03,10,,,,,1.043,19,1.02,15
55,Mumbai,Kingfisher Airlines Tennis Open,9/27/06,International,Indoor,Hard,1st Round,3,Berdych T.,Kubot L.,13,128,1735,346,6,2,6,2,,,,,,,2,0,Completed,1.08,6.5,1.08,7.25,1.1,6.75,1.123,8.35,1.08,7.5
55,Mumbai,Kingfisher Airlines Tennis Open,9/27/06,International,Indoor,Hard,1st Round,3,Devilder N.,de Voest R.,117,111,379,389,6,4,4,6,6,3,,,,,2,1,Completed,2.25,1.57,2.35,1.57,2.3,1.6,2.2,1.769,2.23,1.62
55,Mumbai,Kingfisher Airlines Tennis Open,9/27/06,International,Indoor,Hard,1st Round,3,Robredo T.,Peya A.,7,139,2190,308,6,4,6,2,,,,,,,2,0,Completed,1.16,4.5,1.18,4.65,1.17,4.67,1.263,4.5,1.16,4.85
55,Mumbai,Kingfisher Airlines Tennis Open,9/28/06,International,Indoor,Hard,2nd Round,3,Phau B.,Motomura G.,66,291,597,126,6,3,6,3,,,,,,,2,0,Completed,1.3,3.39,1.3,3.4,,,1.382,3.42,1.32,3.25
55,Mumbai,Kingfisher Airlines Tennis Open,9/28/06,International,Indoor,Hard,2nd Round,3,Berdych T.,Greul S.,13,81,1735,483,7,6,6,4,,,,,,,2,0,Completed,1.11,6,1.12,6,1.1,6.75,1.124,8.25,1.12,5.8
55,Mumbai,Kingfisher Airlines Tennis Open,9/28/06,International,Indoor,Hard,2nd Round,3,Tursunov D.,Pless K.,22,109,1165,391,6,7,6,3,6,4,,,,,2,1,Completed,1.16,4.5,1.2,4.4,1.17,4.67,1.244,4.69,1.26,3.7
55,Mumbai,Kingfisher Airlines Tennis Open,9/28/06,International,Indoor,Hard,2nd Round,3,Delgado R.,Del Potro J.M.,126,106,352,399,6,3,4,1,,,,,,,1,0,Retired,2.62,1.44,2.6,1.48,2.85,1.4,2.84,1.49,2.65,1.45
55,Mumbai,Kingfisher Airlines Tennis Open,9/28/06,International,Indoor,Hard,2nd Round,3,Auckland J.,Moodie W.,414,73,74,550,7,6,7,6,,,,,,,2,0,Completed,4,1.22,3.85,1.25,3.35,1.3,4.28,1.279,3.75,1.25
55,Mumbai,Kingfisher Airlines Tennis Open,9/28/06,International,Indoor,Hard,2nd Round,3,Ancic M.,Galvani S.,11,108,1865,392,6,1,7,6,,,,,,,2,0,Completed,1.11,6,1.08,7.5,1.1,6.75,1.072,11.9,1.08,7.2
55,Mumbai,Kingfisher Airlines Tennis Open,9/28/06,International,Indoor,Hard,2nd Round,3,Koubek S.,Devilder N.,118,117,377,379,7,5,6,3,,,,,,,2,0,Completed,1.61,2.2,1.65,2.2,1.65,2.15,1.725,2.28,1.65,2.18
55,Mumbai,Kingfisher Airlines Tennis Open,9/28/06,International,Indoor,Hard,2nd Round,3,Robredo T.,Berrer M.,7,145,2190,300,5,7,6,2,6,4,,,,,2,1,Completed,1.25,3.75,1.28,3.55,1.25,3.9,1.322,3.81,1.24,3.85
55,Mumbai,Kingfisher Airlines Tennis Open,9/29/06,International,Indoor,Hard,Quarterfinals,3,Berdych T.,Phau B.,13,66,1735,597,6,3,7,5,,,,,,,2,0,Completed,1.1,6.5,1.1,7,1.1,6.75,1.127,8.17,1.12,5.8
55,Mumbai,Kingfisher Airlines Tennis Open,9/29/06,International,Indoor,Hard,Quarterfinals,3,Tursunov D.,Auckland J.,22,414,1165,74,3,6,6,3,6,4,,,,,2,1,Completed,1.08,7,1.08,8,1.1,6.75,1.108,8.25,1.11,6.1
55,Mumbai,Kingfisher Airlines Tennis Open,9/29/06,International,Indoor,Hard,Quarterfinals,3,Koubek S.,Ancic M.,118,11,377,1865,3,6,6,4,6,3,,,,,2,1,Completed,6.5,1.1,7,1.1,5.5,1.13,8.36,1.116,5.8,1.12
55,Mumbai,Kingfisher Airlines Tennis Open,9/29/06,International,Indoor,Hard,Quarterfinals,3,Robredo T.,Delgado R.,7,126,2190,352,6,2,7,6,,,,,,,2,0,Completed,1.12,5.5,1.15,5.5,1.15,5.2,1.141,7.37,1.13,5.5
55,Mumbai,Kingfisher Airlines Tennis Open,9/30/06,International,Indoor,Hard,Semifinals,3,Berdych T.,Koubek S.,13,118,1735,377,7,6,6,2,,,,,,,2,0,Completed,1.16,4.5,1.16,5.25,1.17,4.675,1.16,6.65,1.16,4.95
55,Mumbai,Kingfisher Airlines Tennis Open,9/30/06,International,Indoor,Hard,Semifinals,3,Tursunov D.,Robredo T.,22,7,1165,2190,7,6,3,6,6,1,,,,,2,1,Completed,2,1.72,2.05,1.77,2.25,1.6,2.15,1.8,1.94,1.82
55,Mumbai,Kingfisher Airlines Tennis Open,10/1/06,International,Indoor,Hard,The Final,3,Tursunov D.,Berdych T.,22,13,1165,1735,6,3,4,6,7,6,,,,,2,1,Completed,2.25,1.57,2.15,1.65,2.53,1.48,2.57,1.599,2.2,1.63
56,Palermo,Campionati Internazionali Di Sicilia,9/25/06,International,Outdoor,Clay,1st Round,3,Fognini F.,Marin J.A.,242,156,162,278,7,6,6,3,,,,,,,2,0,Completed,,,2.1,1.7,2.15,1.65,2.17,1.787,2.1,1.7
56,Palermo,Campionati Internazionali Di Sicilia,9/25/06,International,Outdoor,Clay,1st Round,3,Montanes A.,Horna L.,82,56,478,672,5,2,,,,,,,,,0,0,Retired,2.62,1.44,2.85,1.4,2.67,1.44,3.08,1.439,3,1.36
56,Palermo,Campionati Internazionali Di Sicilia,9/25/06,International,Outdoor,Clay,1st Round,3,Ramirez-Hidalgo R.,di Mauro A.,60,94,663,434,7,6,6,3,,,,,,,2,0,Completed,1.33,3,1.33,3.2,1.3,3.34,1.391,3.36,1.35,3.05
56,Palermo,Campionati Internazionali Di Sicilia,9/25/06,International,Outdoor,Clay,1st Round,3,Vassallo-Arguello M.,Guzman J.P.,102,180,407,228,2,6,6,3,7,5,,,,,2,1,Completed,,,,,2.2,1.63,3.09,1.437,2.15,1.67
56,Palermo,Campionati Internazionali Di Sicilia,9/25/06,International,Outdoor,Clay,1st Round,3,Starace P.,Luzzi F.,103,150,407,292,6,1,6,2,,,,,,,2,0,Completed,1.44,2.62,1.45,2.7,1.45,2.6,1.49,2.84,,
56,Palermo,Campionati Internazionali Di Sicilia,9/25/06,International,Outdoor,Clay,1st Round,3,Roitman S.,Aldi F.,105,406,400,77,6,0,6,1,,,,,,,2,0,Completed,1.25,3.5,1.28,3.55,1.28,3.46,1.373,3.48,1.3,3.35
56,Palermo,Campionati Internazionali Di Sicilia,9/26/06,International,Outdoor,Clay,1st Round,3,Simon G.,Seppi A.,46,69,786,565,6,0,6,7,6,2,,,,,2,1,Completed,1.61,2.2,1.75,2.05,1.8,1.95,1.794,2.16,1.8,1.96
56,Palermo,Campionati Internazionali Di Sicilia,9/26/06,International,Outdoor,Clay,1st Round,3,Hernandez O.,Kohlschreiber P.,153,63,287,608,6,1,6,1,,,,,,,2,0,Completed,,,,,,,3.03,1.448,,
56,Palermo,Campionati Internazionali Di Sicilia,9/26/06,International,Outdoor,Clay,1st Round,3,Almagro N.,Marach O.,47,98,785,417,6,1,6,4,,,,,,,2,0,Completed,1.25,3.5,1.22,4.1,1.2,4.25,1.323,3.8,1.26,3.7
56,Palermo,Campionati Internazionali Di Sicilia,9/26/06,International,Outdoor,Clay,1st Round,3, Hajek J.,Ulihrach B.,79,362,506,92,6,3,7,6,,,,,,,2,0,Completed,1.5,2.5,1.48,2.6,1.44,2.67,1.435,3.1,1.43,2.72
56,Palermo,Campionati Internazionali Di Sicilia,9/27/06,International,Outdoor,Clay,1st Round,3,Lapentti N.,Mathieu P.H.,84,52,475,725,3,6,6,2,6,3,,,,,2,1,Completed,2.62,1.44,2.6,1.48,2.6,1.45,2.55,1.606,2.55,1.48
56,Palermo,Campionati Internazionali Di Sicilia,9/27/06,International,Outdoor,Clay,1st Round,3,Verdasco F.,Bracciali D.,28,65,1040,601,5,7,6,4,6,4,,,,,2,1,Completed,1.19,4,1.22,4.1,1.21,4.06,1.267,4.45,1.25,3.75
56,Palermo,Campionati Internazionali Di Sicilia,9/27/06,International,Outdoor,Clay,1st Round,3,Cermak F.,Pavel A.,1554,90,1,454,6,3,2,6,7,5,,,,,2,1,Completed,2.87,1.36,2.7,1.45,2.85,1.4,2.94,1.467,,
56,Palermo,Campionati Internazionali Di Sicilia,9/27/06,International,Outdoor,Clay,1st Round,3,Zabaleta M.,Patience O.,357,101,94,411,7,5,3,6,6,3,,,,,2,1,Completed,1.72,2,1.88,1.88,1.85,1.9,1.962,1.943,1.82,1.94
56,Palermo,Campionati Internazionali Di Sicilia,9/27/06,International,Outdoor,Clay,1st Round,3,Naso G.,Vanek J.,398,91,80,453,1,2,,,,,,,,,0,0,Retired,3.5,1.25,3.85,1.25,,,3.91,1.312,3.5,1.28
56,Palermo,Campionati Internazionali Di Sicilia,9/27/06,International,Outdoor,Clay,1st Round,3,Volandri F.,Garcia-Lopez G.,38,78,855,525,7,6,3,6,6,3,,,,,2,1,Completed,1.28,3.25,1.25,3.85,1.25,3.9,1.274,4.35,1.27,3.6
56,Palermo,Campionati Internazionali Di Sicilia,9/28/06,International,Outdoor,Clay,2nd Round,3,Montanes A.,Starace P.,82,103,478,407,6,2,6,2,,,,,,,2,0,Completed,2.25,1.57,2.4,1.55,2.28,1.58,2.74,1.543,2.45,1.52
56,Palermo,Campionati Internazionali Di Sicilia,9/28/06,International,Outdoor,Clay,2nd Round,3,Vassallo-Arguello M.,Hernandez O.,102,153,407,287,2,6,6,4,6,4,,,,,2,1,Completed,1.72,2,1.77,2,1.95,1.8,1.833,2.1,1.88,1.88
56,Palermo,Campionati Internazionali Di Sicilia,9/28/06,International,Outdoor,Clay,2nd Round,3,Simon G.,Zabaleta M.,46,357,786,94,7,5,6,3,,,,,,,2,0,Completed,1.53,2.37,1.55,2.4,1.55,2.35,1.575,2.64,1.57,2.33
56,Palermo,Campionati Internazionali Di Sicilia,9/28/06,International,Outdoor,Clay,2nd Round,3,Ramirez-Hidalgo R.,Naso G.,60,398,663,80,6,2,6,2,,,,,,,2,0,Completed,1.12,5.5,1.14,5.4,1.15,5.2,1.152,6.98,1.11,6
56,Palermo,Campionati Internazionali Di Sicilia,9/28/06,International,Outdoor,Clay,2nd Round,3,Almagro N.,Cermak F.,47,1554,785,1,6,1,6,2,,,,,,,2,0,Completed,1.12,5.5,1.12,6,1.15,5.2,1.136,7.68,1.15,5.1
56,Palermo,Campionati Internazionali Di Sicilia,9/28/06,International,Outdoor,Clay,2nd Round,3,Verdasco F., Hajek J.,28,79,1040,506,6,2,6,2,,,,,,,2,0,Completed,1.19,4.33,1.25,3.85,1.2,4.25,1.295,4.09,1.2,4.25
56,Palermo,Campionati Internazionali Di Sicilia,9/28/06,International,Outdoor,Clay,2nd Round,3,Lapentti N.,Fognini F.,84,242,475,162,2,6,6,1,7,6,,,,,2,1,Completed,1.39,2.75,1.4,2.85,1.4,2.75,1.37,3.5,1.38,2.9
56,Palermo,Campionati Internazionali Di Sicilia,9/28/06,International,Outdoor,Clay,2nd Round,3,Volandri F.,Roitman S.,38,105,855,400,6,7,6,1,6,4,,,,,2,1,Completed,1.22,4,1.25,3.85,1.28,3.46,1.298,4.06,1.24,3.85
56,Palermo,Campionati Internazionali Di Sicilia,9/29/06,International,Outdoor,Clay,Quarterfinals,3,Almagro N.,Vassallo-Arguello M.,47,102,785,407,6,2,6,2,,,,,,,2,0,Completed,1.12,5.5,1.15,5.5,1.17,4.67,1.153,6.95,1.15,5.15
56,Palermo,Campionati Internazionali Di Sicilia,9/29/06,International,Outdoor,Clay,Quarterfinals,3,Volandri F.,Montanes A.,38,82,855,478,6,4,6,2,,,,,,,2,0,Completed,1.36,3,1.42,2.85,1.37,2.92,1.431,3.12,1.37,3
56,Palermo,Campionati Internazionali Di Sicilia,9/29/06,International,Outdoor,Clay,Quarterfinals,3,Lapentti N.,Simon G.,84,46,475,786,6,0,6,1,,,,,,,2,0,Completed,2.37,1.53,2.4,1.57,2.45,1.5,2.53,1.613,2.36,1.56
56,Palermo,Campionati Internazionali Di Sicilia,9/29/06,International,Outdoor,Clay,Quarterfinals,3,Ramirez-Hidalgo R.,Verdasco F.,60,28,663,1040,6,3,6,4,,,,,,,2,0,Completed,2.75,1.39,2.9,1.41,2.92,1.37,3.62,1.351,2.95,1.38
56,Palermo,Campionati Internazionali Di Sicilia,9/30/06,International,Outdoor,Clay,Semifinals,3,Volandri F.,Almagro N.,38,47,855,785,6,0,2,1,,,,,,,1,0,Retired,2.2,1.61,2.5,1.53,2.2,1.63,2.54,1.61,2.2,1.64
56,Palermo,Campionati Internazionali Di Sicilia,9/30/06,International,Outdoor,Clay,Semifinals,3,Lapentti N.,Ramirez-Hidalgo R.,84,60,475,663,6,2,6,1,,,,,,,2,0,Completed,2.1,1.66,2.05,1.77,2.17,1.64,2.27,1.73,2.1,1.7
56,Palermo,Campionati Internazionali Di Sicilia,10/1/06,International,Outdoor,Clay,Semifinals,3,Volandri F.,Lapentti N.,38,84,855,475,5,7,6,1,6,3,,,,,2,1,Completed,1.5,2.5,1.53,2.45,1.55,2.35,1.602,2.56,1.53,2.42
57,Metz,Open de Moselle,10/2/06,International,Indoor,Hard,1st Round,3,Bracciali D.,Kohlschreiber P.,66,64,601,608,4,6,6,3,7,5,,,,,2,1,Completed,1.36,2.87,1.4,2.85,1.35,3.1,1.469,2.93,1.38,2.95
57,Metz,Open de Moselle,10/2/06,International,Indoor,Hard,1st Round,3,Garcia-Lopez G.,Sanguinetti D.,80,79,515,519,7,6,4,6,6,0,,,,,2,1,Completed,1.66,2.1,1.77,2,1.7,2.1,1.719,2.29,1.8,1.96
57,Metz,Open de Moselle,10/2/06,International,Indoor,Hard,1st Round,3,Gicquel M.,Ferrer D.,70,15,558,1675,6,3,5,7,6,4,,,,,2,1,Completed,2.25,1.57,2.2,1.65,2.25,1.6,2.26,1.735,2.26,1.6
57,Metz,Open de Moselle,10/2/06,International,Indoor,Hard,1st Round,3,Serra F.,Soderling R.,61,33,660,928,5,7,7,6,6,2,,,,,2,1,Completed,3,1.36,3.1,1.35,2.92,1.37,3.54,1.365,3,1.35
57,Metz,Open de Moselle,10/3/06,International,Indoor,Hard,1st Round,3,Saulnier C.,Hrbaty D.,217,28,183,1055,4,6,6,3,6,3,,,,,2,1,Completed,3,1.33,3,1.37,3.35,1.3,3.3,1.4,3.25,1.32
57,Metz,Open de Moselle,10/3/06,International,Indoor,Hard,1st Round,3,Melzer J.,Montanes A.,48,82,755,503,7,5,6,2,,,,,,,2,0,Completed,1.16,4.5,1.16,5,1.13,5.5,1.182,6,1.13,5.6
57,Metz,Open de Moselle,10/3/06,International,Indoor,Hard,1st Round,3,Fish M.,Ascione T.,56,213,681,187,4,6,6,3,6,2,,,,,2,1,Completed,1.33,3,1.4,2.85,,,1.476,2.9,1.4,2.84
57,Metz,Open de Moselle,10/3/06,International,Indoor,Hard,1st Round,3,Djokovic N.,Mahut N.,22,67,1183,591,6,2,6,3,,,,,,,2,0,Completed,1.25,3.5,1.33,3.2,1.3,3.35,1.357,3.6,1.33,3.2
57,Metz,Open de Moselle,10/3/06,International,Indoor,Hard,1st Round,3,Mathieu P.H.,Santoro F.,51,49,725,745,6,4,5,7,6,4,,,,,2,1,Completed,2,1.72,2,1.77,1.99,1.76,1.99,1.917,2.02,1.75
57,Metz,Open de Moselle,10/3/06,International,Indoor,Hard,1st Round,3,Clemens T.,Patience O.,265,105,149,409,7,5,6,7,6,3,,,,,2,1,Completed,1.66,2.1,,,,,1.909,2,,
57,Metz,Open de Moselle,10/3/06,International,Indoor,Hard,1st Round,3,Benneteau J.,Ferrero J.C.,45,17,774,1325,6,4,1,6,7,6,,,,,2,1,Completed,2.37,1.53,2.25,1.62,2.35,1.55,2.33,1.699,2.05,1.73
57,Metz,Open de Moselle,10/3/06,International,Indoor,Hard,1st Round,3,Gasquet R.,Stakhovsky S.,26,183,1060,221,6,3,6,1,,,,,,,2,0,Completed,1.07,7.5,1.06,8.5,1.07,7.19,1.057,14.5,1.06,9
57,Metz,Open de Moselle,10/4/06,International,Indoor,Hard,1st Round,3,Ramirez-Hidalgo R.,Verdasco F.,50,27,731,1055,6,3,6,3,,,,,,,2,0,Completed,3.5,1.25,3.85,1.25,3.12,1.34,3.65,1.351,3.4,1.3
57,Metz,Open de Moselle,10/4/06,International,Indoor,Hard,1st Round,3,Clement A.,Malisse X.,54,37,695,908,7,6,6,2,,,,,,,2,0,Completed,2.1,1.66,2.1,1.7,2.1,1.7,2.07,1.855,1.96,1.8
57,Metz,Open de Moselle,10/4/06,International,Indoor,Hard,1st Round,3,Grosjean S.,Mayer F.,35,53,910,705,6,3,6,4,,,,,,,2,0,Completed,1.36,2.87,1.42,2.8,1.5,2.45,1.485,2.86,1.5,2.5
57,Metz,Open de Moselle,10/4/06,International,Indoor,Hard,1st Round,3,Safin M.,Youzhny M.,63,24,610,1120,6,1,6,4,,,,,,,2,0,Completed,1.57,2.25,1.55,2.4,1.65,2.15,1.714,2.3,1.68,2.12
57,Metz,Open de Moselle,10/4/06,International,Indoor,Hard,2nd Round,3,Serra F.,Mathieu P.H.,61,51,660,725,1,6,6,3,7,6,,,,,2,1,Completed,2.2,1.61,2.1,1.7,2.28,1.58,,,2.02,1.75
57,Metz,Open de Moselle,10/4/06,International,Indoor,Hard,2nd Round,3,Gicquel M.,Garcia-Lopez G.,70,80,558,515,6,2,6,3,,,,,,,2,0,Completed,1.39,2.75,1.37,3,1.35,3.1,1.392,3.35,1.43,2.75
57,Metz,Open de Moselle,10/5/06,International,Indoor,Hard,2nd Round,3,Fish M.,Ramirez-Hidalgo R.,56,50,681,731,6,3,6,3,,,,,,,2,0,Completed,,,,,,,1.546,2.73,,
57,Metz,Open de Moselle,10/5/06,International,Indoor,Hard,2nd Round,3,Djokovic N.,Bracciali D.,22,66,1183,601,6,0,6,3,,,,,,,2,0,Completed,1.19,4.33,1.22,4.1,1.25,3.9,1.235,4.85,1.26,3.65
57,Metz,Open de Moselle,10/5/06,International,Indoor,Hard,2nd Round,3,Clemens T.,Saulnier C.,265,217,149,183,7,6,6,7,7,6,,,,,2,1,Completed,2.37,1.53,2.45,1.53,2.53,1.48,2.67,1.565,2.35,1.55
57,Metz,Open de Moselle,10/5/06,International,Indoor,Hard,2nd Round,3,Clement A.,Gasquet R.,54,26,695,1060,6,7,7,6,7,5,,,,,2,1,Completed,3,1.36,2.85,1.4,2.83,1.39,3.28,1.403,2.95,1.38
57,Metz,Open de Moselle,10/5/06,International,Indoor,Hard,2nd Round,3,Grosjean S.,Benneteau J.,35,45,910,774,7,5,6,1,,,,,,,2,0,Completed,1.5,2.5,1.5,2.55,1.5,2.45,1.524,2.78,1.48,2.55
57,Metz,Open de Moselle,10/5/06,International,Indoor,Hard,2nd Round,3,Melzer J.,Safin M.,48,63,755,610,4,6,6,2,7,6,,,,,2,1,Completed,4,1.22,3.55,1.28,3.89,1.23,4.6,1.25,3.75,1.25
57,Metz,Open de Moselle,10/6/06,International,Indoor,Hard,Quarterfinals,3,Gicquel M.,Serra F.,70,61,558,660,6,4,7,5,,,,,,,2,0,Completed,1.72,2,1.77,2,1.87,1.87,1.775,2.19,1.84,1.92
57,Metz,Open de Moselle,10/6/06,International,Indoor,Hard,Quarterfinals,3,Melzer J.,Fish M.,48,56,755,681,1,6,7,5,7,5,,,,,2,1,Completed,2.1,1.66,2,1.77,2.1,1.7,2.1,1.833,1.98,1.78
57,Metz,Open de Moselle,10/6/06,International,Indoor,Hard,Quarterfinals,3,Grosjean S.,Clement A.,35,54,910,695,6,7,6,3,6,2,,,,,2,1,Completed,1.9,1.8,1.95,1.85,1.87,1.87,2.26,1.735,1.9,1.85
57,Metz,Open de Moselle,10/6/06,International,Indoor,Hard,Quarterfinals,3,Djokovic N.,Clemens T.,22,265,1183,149,6,4,6,1,,,,,,,2,0,Completed,1.07,7.5,1,7.5,,,1.085,10.7,1.08,7.4
57,Metz,Open de Moselle,10/7/06,International,Indoor,Hard,Semifinals,3,Melzer J.,Gicquel M.,48,70,755,558,7,6,6,3,,,,,,,2,0,Completed,2.1,1.66,2.15,1.7,2.1,1.7,2.31,1.709,2,1.75
57,Metz,Open de Moselle,10/7/06,International,Indoor,Hard,Semifinals,3,Djokovic N.,Grosjean S.,22,35,1183,910,6,7,7,6,6,3,,,,,2,1,Completed,1.5,2.5,1.57,2.4,1.6,2.3,1.625,2.5,1.6,2.28
57,Metz,Open de Moselle,10/8/06,International,Indoor,Hard,The Final,3,Djokovic N.,Melzer J.,22,48,1183,755,4,6,6,3,6,2,,,,,2,1,Completed,1.33,3.25,1.3,3.5,1.37,2.92,1.38,3.43,1.35,3
58,Tokyo,Japan Open,10/2/06,International Gold,Outdoor,Hard,1st Round,3,Carlsen K.,Motomura G.,124,273,362,146,6,7,6,3,6,2,,,,,2,1,Completed,1.28,3.25,,,1.35,3.1,1.405,3.27,,
58,Tokyo,Japan Open,10/2/06,International Gold,Outdoor,Hard,1st Round,3,Massa E.,Economidis K.,240,122,163,365,6,1,6,3,,,,,,,2,0,Completed,,,1.6,2.3,,,1.658,2.42,,
58,Tokyo,Japan Open,10/2/06,International Gold,Outdoor,Hard,1st Round,3,Novak J.,Vik R.,130,85,341,472,4,6,6,4,6,4,,,,,2,1,Completed,1.39,2.75,1.48,2.6,,,1.457,2.99,,
58,Tokyo,Japan Open,10/2/06,International Gold,Outdoor,Hard,1st Round,3,Wang Y.T.,Kim K.,147,86,304,469,6,3,6,1,,,,,,,2,0,Completed,2.2,1.61,2.3,1.6,2.45,1.5,2.34,1.694,,
58,Tokyo,Japan Open,10/2/06,International Gold,Outdoor,Hard,1st Round,3,Dancevic F.,Daniel M.,88,113,460,390,6,4,6,4,,,,,,,2,0,Completed,1.36,3,1.4,2.85,1.45,2.6,1.448,3.03,,
58,Tokyo,Japan Open,10/2/06,International Gold,Outdoor,Hard,1st Round,3,Pless K.,de Voest R.,109,116,396,382,6,3,6,4,,,,,,,2,0,Completed,1.53,2.37,1.55,2.4,1.5,2.45,1.645,2.45,,
58,Tokyo,Japan Open,10/2/06,International Gold,Outdoor,Hard,1st Round,3,Suzuki T.,Greul S.,1078,83,6,493,6,2,6,2,,,,,,,2,0,Completed,4,1.19,4.1,1.22,,,,,,
58,Tokyo,Japan Open,10/2/06,International Gold,Outdoor,Hard,1st Round,3,Del Potro J.M.,Soeda G.,103,193,409,207,6,3,6,1,,,,,,,2,0,Completed,,,,,,,,,,
58,Tokyo,Japan Open,10/3/06,International Gold,Outdoor,Hard,1st Round,3,Iwabuchi S.,Chen T.,367,318,94,114,6,2,6,1,,,,,,,2,0,Completed,1.57,2.25,,,,,1.694,2.34,,
58,Tokyo,Japan Open,10/3/06,International Gold,Outdoor,Hard,1st Round,3,Koubek S.,Galvani S.,93,114,447,389,6,3,4,6,7,5,,,,,2,1,Completed,1.44,2.62,1.55,2.4,1.51,2.46,1.575,2.64,1.54,2.42
58,Tokyo,Japan Open,10/3/06,International Gold,Outdoor,Hard,1st Round,3,Lu Y.H.,Delgado R.,148,119,304,370,6,2,6,3,,,,,,,2,0,Completed,2.1,1.66,,,,,1.69,2.35,,
58,Tokyo,Japan Open,10/3/06,International Gold,Outdoor,Hard,1st Round,3,Udomchoke D.,Cilic M.,108,197,397,204,7,6,6,3,,,,,,,2,0,Completed,1.66,2.1,1.7,2.1,,,1.694,2.34,1.68,2.15
58,Tokyo,Japan Open,10/3/06,International Gold,Outdoor,Hard,1st Round,3,Henman T.,Dancevic F.,55,88,685,460,6,2,6,1,,,,,,,2,0,Completed,1.22,3.75,1.28,3.55,1.3,3.35,1.333,3.7,1.3,3.4
58,Tokyo,Japan Open,10/3/06,International Gold,Outdoor,Hard,1st Round,3,Troicki V.,Vicente F.,276,99,145,420,6,7,6,4,6,2,,,,,2,1,Completed,2.1,1.66,,,,,2.2,1.769,,
58,Tokyo,Japan Open,10/3/06,International Gold,Outdoor,Hard,1st Round,3,Schuettler R.,Berrer M.,92,150,449,299,6,2,6,1,,,,,,,2,0,Completed,2.1,1.66,2.1,1.7,,,2.23,1.752,2.1,1.7
58,Tokyo,Japan Open,10/3/06,International Gold,Outdoor,Hard,1st Round,3,Waske A.,Chaen T.,126,625,359,33,6,4,6,4,,,,,,,2,0,Completed,1.19,4,,,,,1.259,4.56,,
58,Tokyo,Japan Open,10/3/06,International Gold,Outdoor,Hard,2nd Round,3,Burgsmuller L.,Arthurs W.,173,185,235,217,6,7,7,6,7,6,,,,,2,1,Completed,2.25,1.57,2.2,1.65,,,2.5,1.625,,
58,Tokyo,Japan Open,10/3/06,International Gold,Outdoor,Hard,2nd Round,3,Del Potro J.M.,Ginepri R.,103,39,409,830,6,2,6,2,,,,,,,2,0,Completed,3.2,1.3,3.2,1.33,3.1,1.35,,,3.2,1.33
58,Tokyo,Japan Open,10/4/06,International Gold,Outdoor,Hard,2nd Round,3,Monaco J.,Massa E.,75,240,529,163,7,6,6,3,,,,,,,2,0,Completed,1.44,2.62,1.55,2.4,,,1.366,3.53,1.48,2.55
58,Tokyo,Japan Open,10/4/06,International Gold,Outdoor,Hard,2nd Round,3,Moodie W.,Koubek S.,73,93,550,447,6,3,6,4,,,,,,,2,0,Completed,1.53,2.37,,,,,1.227,5,,
58,Tokyo,Japan Open,10/4/06,International Gold,Outdoor,Hard,2nd Round,3,Novak J.,Murray A.,130,19,341,1301,6,3,7,6,,,,,,,2,0,Completed,3,1.33,3.1,1.35,3.3,1.3,3,1.455,3.15,1.33
58,Tokyo,Japan Open,10/4/06,International Gold,Outdoor,Hard,2nd Round,3,Nieminen J.,Burgsmuller L.,16,173,1365,235,7,5,7,6,,,,,,,2,0,Completed,1.14,5,1.16,5,1.17,4.67,1.176,6.19,1.18,4.6
58,Tokyo,Japan Open,10/4/06,International Gold,Outdoor,Hard,2nd Round,3,Becker B.,Udomchoke D.,72,108,553,397,6,2,6,1,,,,,,,2,0,Completed,1.5,2.5,1.55,2.4,1.55,2.35,1.578,2.63,1.57,2.33
58,Tokyo,Japan Open,10/4/06,International Gold,Outdoor,Hard,2nd Round,3,Schuettler R.,Goldstein P.,92,76,449,527,6,3,6,2,,,,,,,2,0,Completed,1.61,2.2,1.62,2.25,1.65,2.15,1.637,2.47,1.67,2.15
58,Tokyo,Japan Open,10/4/06,International Gold,Outdoor,Hard,2nd Round,3,Waske A.,Phau B.,126,62,359,622,6,4,6,4,,,,,,,2,0,Completed,2.2,1.61,2.2,1.65,,,2.55,1.606,2.18,1.65
58,Tokyo,Japan Open,10/4/06,International Gold,Outdoor,Hard,2nd Round,3,Robredo T.,Lu Y.H.,8,148,2225,304,6,4,6,1,,,,,,,2,0,Completed,1.14,5,1.19,4.45,1.17,4.67,1.197,5.57,,
58,Tokyo,Japan Open,10/4/06,International Gold,Outdoor,Hard,2nd Round,3,Federer R.,Troicki V.,1,276,7120,145,7,6,7,6,,,,,,,2,0,Completed,1,17,,,,,1.01,76,1.01,30
58,Tokyo,Japan Open,10/4/06,International Gold,Outdoor,Hard,2nd Round,3,Lee H.T.,Pless K.,57,109,671,396,7,5,6,1,,,,,,,2,0,Completed,1.39,2.75,1.45,2.7,1.45,2.6,1.446,3.04,1.4,2.85
58,Tokyo,Japan Open,10/4/06,International Gold,Outdoor,Hard,2nd Round,3,Spadea V.,Iwabuchi S.,74,367,530,94,2,6,6,2,6,0,,,,,2,1,Completed,1.25,3.5,1.3,3.4,,,1.362,3.56,1.29,3.45
58,Tokyo,Japan Open,10/4/06,International Gold,Outdoor,Hard,2nd Round,3,Tursunov D.,Wang Y.T.,20,147,1280,304,6,3,5,7,7,5,,,,,2,1,Completed,1.36,2.87,1.4,2.85,1.48,2.53,1.437,3.09,1.38,2.92
58,Tokyo,Japan Open,10/4/06,International Gold,Outdoor,Hard,2nd Round,3,Suzuki T.,Srichaphan P.,1078,40,6,830,7,6,6,7,6,4,,,,,2,1,Completed,4.5,1.16,4.4,1.2,4.25,1.2,4.55,1.26,3.85,1.24
58,Tokyo,Japan Open,10/4/06,International Gold,Outdoor,Hard,2nd Round,3,Ancic M.,Carlsen K.,10,124,1865,362,6,1,6,4,,,,,,,2,0,Completed,1.14,5,1.15,5.25,1.1,6.25,1.218,5.18,1.14,5.3
58,Tokyo,Japan Open,10/5/06,International Gold,Outdoor,Hard,3rd Round,3,Federer R.,Moodie W.,1,73,7120,550,6,2,6,1,,,,,,,2,0,Completed,1.01,12,1.01,14,1.01,19,1.018,36,1.01,30
58,Tokyo,Japan Open,10/5/06,International Gold,Outdoor,Hard,3rd Round,3,Suzuki T.,Waske A.,1078,126,6,359,6,7,7,6,6,1,,,,,2,1,Completed,1.8,1.9,1.7,2.1,1.7,2.08,1.735,2.26,1.75,2.04
58,Tokyo,Japan Open,10/5/06,International Gold,Outdoor,Hard,3rd Round,3,Robredo T.,Spadea V.,8,74,2225,530,6,4,7,6,,,,,,,2,0,Completed,1.25,3.75,1.3,3.4,1.28,3.46,1.301,4.02,1.28,3.5
58,Tokyo,Japan Open,10/5/06,International Gold,Outdoor,Hard,3rd Round,3,Lee H.T.,Tursunov D.,57,20,671,1280,6,4,2,6,6,4,,,,,2,1,Completed,2.1,1.66,2.1,1.7,1.9,1.85,2.12,1.82,1.92,1.84
58,Tokyo,Japan Open,10/5/06,International Gold,Outdoor,Hard,3rd Round,3,Nieminen J.,Monaco J.,16,75,1365,529,6,2,6,3,,,,,,,2,0,Completed,1.25,3.75,1.3,3.4,1.2,4.25,1.276,4.32,1.29,3.45
58,Tokyo,Japan Open,10/5/06,International Gold,Outdoor,Hard,3rd Round,3,Becker B.,Novak J.,72,130,553,341,3,6,6,3,7,6,,,,,2,1,Completed,1.9,1.8,1.93,1.83,1.75,2.05,1.926,1.98,1.94,1.82
58,Tokyo,Japan Open,10/6/06,International Gold,Outdoor,Hard,3rd Round,3,Henman T.,Del Potro J.M.,55,103,685,409,7,6,6,3,,,,,,,2,0,Completed,1.39,2.75,1.45,2.7,1.5,2.45,1.51,2.81,1.44,2.7
58,Tokyo,Japan Open,10/6/06,International Gold,Outdoor,Hard,3rd Round,3,Ancic M.,Schuettler R.,10,92,1865,449,6,2,4,6,6,4,,,,,2,1,Completed,1.16,4.5,1.2,4.4,1.26,3.59,1.194,5.65,1.23,3.9
58,Tokyo,Japan Open,10/6/06,International Gold,Outdoor,Hard,Quarterfinals,3,Federer R.,Suzuki T.,1,1078,7120,6,4,6,7,5,7,6,,,,,2,1,Completed,1,17,1.01,14,1.01,19.23,1.013,57,1.01,30
58,Tokyo,Japan Open,10/6/06,International Gold,Outdoor,Hard,Quarterfinals,3,Lee H.T.,Robredo T.,57,8,671,2225,7,6,4,6,6,1,,,,,2,1,Completed,2.62,1.44,2.6,1.48,2.5,1.5,2.89,1.478,,
58,Tokyo,Japan Open,10/6/06,International Gold,Outdoor,Hard,Quarterfinals,3,Becker B.,Nieminen J.,72,16,553,1365,6,7,7,6,6,4,,,,,2,1,Completed,2.62,1.44,2.55,1.5,2.45,1.5,2.6,1.588,2.5,1.5
58,Tokyo,Japan Open,10/6/06,International Gold,Outdoor,Hard,Quarterfinals,3,Henman T.,Ancic M.,55,10,685,1865,6,2,6,2,,,,,,,2,0,Completed,2.62,1.44,2.55,1.5,2.35,1.55,2.9,1.476,,
58,Tokyo,Japan Open,10/7/06,International Gold,Outdoor,Hard,Semifinals,3,Federer R.,Becker B.,1,72,7120,553,6,3,6,4,,,,,,,2,0,Completed,1.02,11,1.01,14,1.02,13.61,1.056,15,1.03,12
58,Tokyo,Japan Open,10/7/06,International Gold,Outdoor,Hard,Semifinals,3,Henman T.,Lee H.T.,55,57,685,671,6,4,7,6,,,,,,,2,0,Completed,1.44,2.62,1.53,2.45,1.5,2.45,1.498,2.85,1.5,2.5
58,Tokyo,Japan Open,10/8/06,International Gold,Outdoor,Hard,The Final,3,Federer R.,Henman T.,1,55,7120,685,6,3,6,3,,,,,,,2,0,Completed,1.04,10,1.04,10,1.04,9.25,1.051,15.74,1.05,10
59,Moscow,Kremlin Cup,10/9/06,International,Indoor,Carpet,1st Round,3,Gabashvili T.,Muller G.,123,115,362,380,7,6,6,3,,,,,,,2,0,Completed,1.83,1.83,1.77,2,1.6,2.25,1.813,2.13,1.86,1.9
59,Moscow,Kremlin Cup,10/9/06,International,Indoor,Carpet,1st Round,3,Hernych J.,Volandri F.,89,34,456,910,6,1,6,4,,,,,,,2,0,Completed,1.39,2.75,1.5,2.55,1.32,3.22,1.308,3.95,1.58,2.32
59,Moscow,Kremlin Cup,10/10/06,International,Indoor,Carpet,1st Round,3,Kunitsyn I.,Schuttler P.,122,350,364,99,6,3,6,2,,,,,,,2,0,Completed,1.9,1.8,1.83,1.93,1.8,1.95,1.901,2.01,1.8,1.97
59,Moscow,Kremlin Cup,10/10/06,International,Indoor,Carpet,1st Round,3,Davydenko N.,Vanek J.,5,91,2590,453,6,0,6,0,,,,,,,2,0,Completed,1.05,8,1.08,7.25,1.07,7.19,1.08,11,1.06,8.05
59,Moscow,Kremlin Cup,10/10/06,International,Indoor,Carpet,1st Round,3,Benneteau J.,Roitman S.,46,104,780,412,6,3,6,0,,,,,,,2,0,Completed,1.16,4.5,1.22,4.1,1.2,4.25,1.056,15,1.24,3.85
59,Moscow,Kremlin Cup,10/10/06,International,Indoor,Carpet,1st Round,3,Bracciali D.,Verdasco F.,67,26,601,1055,6,7,6,4,,,,,,,1,1,Retired,2.5,1.5,2.6,1.48,2.28,1.58,2.61,1.585,2.35,1.56
59,Moscow,Kremlin Cup,10/10/06,International,Indoor,Carpet,1st Round,3,Clement A.,Zverev M.,54,164,720,249,4,6,6,3,6,2,,,,,2,1,Completed,1.5,2.5,1.5,2.55,1.53,2.4,1.629,2.49,1.45,2.65
59,Moscow,Kremlin Cup,10/10/06,International,Indoor,Carpet,1st Round,3,Vik R.,Novak J.,85,121,472,365,6,4,6,3,,,,,,,2,0,Completed,2.87,1.36,2.7,1.45,2.85,1.4,2.75,1.541,2.65,1.45
59,Moscow,Kremlin Cup,10/10/06,International,Indoor,Carpet,1st Round,3,Safin M.,Mahut N.,65,68,610,585,6,3,6,4,,,,,,,2,0,Completed,1.11,6,1.14,5.4,1.15,5.2,1.143,7.3,1.15,5.2
59,Moscow,Kremlin Cup,10/10/06,International,Indoor,Carpet,1st Round,3,Kohlschreiber P.,Youzhny M.,66,24,608,1120,6,2,7,5,,,,,,,2,0,Completed,4.5,1.16,4.65,1.18,4.67,1.17,6,1.182,4.6,1.18
59,Moscow,Kremlin Cup,10/11/06,International,Indoor,Carpet,1st Round,3,Santoro F.,Moodie W.,51,133,745,325,6,3,6,2,,,,,,,2,0,Completed,1.61,2.2,1.6,2.3,1.46,2.6,1.625,2.5,1.52,2.45
59,Moscow,Kremlin Cup,10/11/06,International,Indoor,Carpet,1st Round,3,Tipsarevic J.,Mathieu P.H.,75,53,527,725,7,6,6,4,,,,,,,2,0,Completed,2.5,1.5,2.35,1.57,2.35,1.55,2.44,1.649,2.4,1.54
59,Moscow,Kremlin Cup,10/11/06,International,Indoor,Carpet,1st Round,3,Kravchuk K.,Lee H.T.,622,48,33,771,6,4,6,4,,,,,,,2,0,Completed,4,1.22,,,2.08,1.7,1.459,2.98,3.45,1.29
59,Moscow,Kremlin Cup,10/11/06,International,Indoor,Carpet,1st Round,3,Mirnyi M.,Kim K.,59,92,670,449,6,0,,,,,,,,,1,0,Retired,1.33,3,1.33,3.2,1.21,4.06,1.316,3.86,1.37,3
59,Moscow,Kremlin Cup,10/11/06,International,Indoor,Carpet,1st Round,3,Stakhovsky S.,Tursunov D.,180,21,228,1280,7,5,4,6,7,6,,,,,2,1,Completed,7,1.07,7.25,1.08,7.19,1.07,8.35,1.123,7.2,1.08
59,Moscow,Kremlin Cup,10/11/06,International,Indoor,Carpet,1st Round,3,Korolev E.,Istomin D.,96,227,439,173,7,6,6,7,6,3,,,,,2,1,Completed,1.25,3.5,1.25,3.85,1.23,3.89,1.331,3.72,1.25,3.75
59,Moscow,Kremlin Cup,10/11/06,International,Indoor,Carpet,2nd Round,3,Davydenko N.,Gabashvili T.,5,123,2590,362,6,4,6,2,,,,,,,2,0,Completed,1.06,8,1.08,7.25,1.07,7.19,1.09,10.1,1.09,7.2
59,Moscow,Kremlin Cup,10/11/06,International,Indoor,Carpet,2nd Round,3,Kunitsyn I.,Hernych J.,122,89,364,456,6,4,4,6,6,2,,,,,2,1,Completed,1.61,2.2,1.75,2.05,1.75,2.05,1.694,2.34,1.8,1.96
59,Moscow,Kremlin Cup,10/12/06,International,Indoor,Carpet,2nd Round,3,Santoro F.,Kravchuk K.,51,622,745,33,6,1,6,1,,,,,,,2,0,Completed,1.22,4,1.22,4.1,1.25,3.9,1.26,4.55,1.21,4.2
59,Moscow,Kremlin Cup,10/12/06,International,Indoor,Carpet,2nd Round,3,Kohlschreiber P.,Korolev E.,66,96,608,439,6,3,6,2,,,,,,,2,0,Completed,2.1,1.66,2.2,1.65,2.1,1.7,2.39,1.671,2.02,1.75
59,Moscow,Kremlin Cup,10/12/06,International,Indoor,Carpet,2nd Round,3,Tipsarevic J.,Vik R.,75,85,527,472,6,4,6,4,,,,,,,2,0,Completed,1.72,2,1.77,2,1.7,2.1,1.741,2.25,1.67,2.15
59,Moscow,Kremlin Cup,10/12/06,International,Indoor,Carpet,2nd Round,3,Mirnyi M.,Benneteau J.,59,46,670,780,6,2,2,6,7,6,,,,,2,1,Completed,1.53,2.37,1.53,2.45,1.48,2.53,1.588,2.6,1.55,2.38
59,Moscow,Kremlin Cup,10/12/06,International,Indoor,Carpet,2nd Round,3,Clement A.,Stakhovsky S.,54,180,720,228,6,3,5,7,6,4,,,,,2,1,Completed,1.39,2.75,1.37,3,1.32,3.22,1.452,3.01,1.33,3.2
59,Moscow,Kremlin Cup,10/12/06,International,Indoor,Carpet,2nd Round,3,Safin M.,Bracciali D.,65,67,610,601,3,6,6,1,6,4,,,,,2,1,Completed,1.11,6,1.14,5.4,1.13,5.5,1.143,7.3,1.16,4.9
59,Moscow,Kremlin Cup,10/13/06,International,Indoor,Carpet,Quarterfinals,3,Santoro F.,Kohlschreiber P.,51,66,745,608,6,3,7,5,,,,,,,2,0,Completed,1.66,2.1,1.75,2.05,1.65,2.15,1.741,2.25,1.67,2.15
59,Moscow,Kremlin Cup,10/13/06,International,Indoor,Carpet,Quarterfinals,3,Davydenko N.,Mirnyi M.,5,59,2590,670,6,3,7,5,,,,,,,2,0,Completed,1.19,4.33,1.25,3.85,1.2,4.25,1.241,4.75,1.21,4.2
59,Moscow,Kremlin Cup,10/13/06,International,Indoor,Carpet,Quarterfinals,3,Safin M.,Tipsarevic J.,65,75,610,527,7,6,3,6,6,4,,,,,2,1,Completed,1.16,4.5,1.22,4.1,1.2,4.25,1.25,4.6,1.21,4.2
59,Moscow,Kremlin Cup,10/13/06,International,Indoor,Carpet,Quarterfinals,3,Kunitsyn I.,Clement A.,122,54,364,720,6,4,6,2,,,,,,,2,0,Completed,2.37,1.53,2.45,1.53,2.35,1.55,2.43,1.654,2.5,1.5
59,Moscow,Kremlin Cup,10/14/06,International,Indoor,Carpet,Semifinals,3,Davydenko N.,Santoro F.,5,51,2590,745,6,4,6,1,,,,,,,2,0,Completed,1.16,4.5,1.15,5.5,1.17,4.67,1.14,7.46,1.17,4.75
59,Moscow,Kremlin Cup,10/14/06,International,Indoor,Carpet,Semifinals,3,Safin M.,Kunitsyn I.,65,122,610,364,6,4,6,3,,,,,,,2,0,Completed,1.22,4,1.22,4.25,1.2,4.25,1.263,4.5,1.2,4.3
59,Moscow,Kremlin Cup,10/15/06,International,Indoor,Carpet,The Final,3,Davydenko N.,Safin M.,5,65,2590,610,6,4,5,7,6,4,,,,,2,1,Completed,1.9,1.8,1.81,2,1.8,1.95,1.87,2.05,1.84,1.92
60,Stockholm,Stockholm Open,10/9/06,International,Indoor,Hard,1st Round,3,Rochus O.,Spadea V.,30,73,990,540,6,3,6,4,,,,,,,2,0,Completed,1.33,3,1.37,3,1.37,2.92,1.379,3.44,1.36,3.05
60,Stockholm,Stockholm Open,10/9/06,International,Indoor,Hard,1st Round,3,Ferrer D.,Seppi A.,15,80,1675,513,6,1,6,4,,,,,,,2,0,Completed,1.22,3.75,1.28,3.55,1.25,3.9,1.292,4.12,1.3,3.4
60,Stockholm,Stockholm Open,10/9/06,International,Indoor,Hard,1st Round,3,Srichaphan P.,Fish A.,41,56,830,716,7,6,3,6,6,1,,,,,2,1,Completed,1.9,1.8,2.05,1.75,2.15,1.65,2.18,1.781,1.96,1.8
60,Stockholm,Stockholm Open,10/9/06,International,Indoor,Hard,1st Round,3,Soderling R.,Rochus C.,36,64,893,611,6,1,6,2,,,,,,,2,0,Completed,1.14,5,1.12,6,1.13,5.5,1.154,6.9,1.15,5.1
60,Stockholm,Stockholm Open,10/9/06,International,Indoor,Hard,1st Round,3,Dancevic F.,Garcia-Lopez G.,86,77,470,525,6,4,6,1,,,,,,,2,0,Completed,1.72,2,1.75,2.05,1.65,2.15,1.73,2.27,1.75,2.02
60,Stockholm,Stockholm Open,10/9/06,International,Indoor,Hard,1st Round,3,Berdych T.,Phau B.,11,76,1830,526,6,3,6,2,,,,,,,2,0,Completed,1.08,6.5,1.08,7.25,1.09,6.68,1.098,9.25,1.1,6.6
60,Stockholm,Stockholm Open,10/10/06,International,Indoor,Hard,1st Round,3,Vliegen K.,Massu N.,35,45,905,795,6,2,6,4,,,,,,,2,0,Completed,1.83,1.83,1.88,1.88,1.8,1.95,2,1.909,1.88,1.88
60,Stockholm,Stockholm Open,10/10/06,International,Indoor,Hard,1st Round,3,Lopez F.,Monaco J.,81,72,506,549,2,1,,,,,,,,,0,0,Retired,1.33,3,1.28,3.55,1.37,2.92,1.366,3.53,1.32,3.25
60,Stockholm,Stockholm Open,10/10/06,International,Indoor,Hard,1st Round,3,Vinciguerra A.,Devilder N.,153,109,294,393,6,4,6,1,,,,,,,2,0,Completed,1.5,2.5,1.6,2.3,1.48,2.53,1.126,8.15,1.6,2.27
60,Stockholm,Stockholm Open,10/10/06,International,Indoor,Hard,1st Round,3,Gicquel M.,Marray J.,63,343,628,101,6,4,7,6,,,,,,,2,0,Completed,1.28,3.25,1.33,3.2,1.32,3.22,1.375,3.47,1.32,3.25
60,Stockholm,Stockholm Open,10/10/06,International,Indoor,Hard,1st Round,3,Bjorkman J.,Wessels P.,49,344,768,101,7,5,6,2,,,,,,,2,0,Completed,1.57,2.25,1.65,2.2,1.65,2.15,1.633,2.48,1.6,2.27
60,Stockholm,Stockholm Open,10/10/06,International,Indoor,Hard,1st Round,3,Nadal R.,Sluiter R.,2,90,4625,453,6,4,6,2,,,,,,,2,0,Completed,1.02,11,1.03,11,1.02,11.5,1.04,21,1.04,11
60,Stockholm,Stockholm Open,10/10/06,International,Indoor,Hard,1st Round,3,Johansson J.,Sanguinetti D.,690,79,27,519,6,4,6,4,,,,,,,2,0,Completed,1.66,2.1,1.72,2.08,1.61,2.23,1.714,2.3,1.75,2
60,Stockholm,Stockholm Open,10/11/06,International,Indoor,Hard,1st Round,3,Nieminen J.,Llodra M.,19,136,1315,321,6,4,6,4,,,,,,,2,0,Completed,1.3,3.2,1.4,2.85,1.37,2.92,1.377,3.45,1.42,2.77
60,Stockholm,Stockholm Open,10/11/06,International,Indoor,Hard,1st Round,3,Greul S.,Eleskovic E.,82,465,493,61,6,4,6,2,,,,,,,2,0,Completed,1.39,2.75,1.35,3.1,1.37,2.92,1.385,3.4,1.39,2.9
60,Stockholm,Stockholm Open,10/11/06,International,Indoor,Hard,1st Round,3,Blake J.,Johansson T.,8,50,2240,755,6,3,6,2,,,,,,,2,0,Completed,1.22,3.75,1.3,3.4,1.25,3.75,1.323,3.8,1.3,3.4
60,Stockholm,Stockholm Open,10/11/06,International,Indoor,Hard,2nd Round,3,Vliegen K.,Dancevic F.,35,86,905,470,3,6,6,3,6,4,,,,,2,1,Completed,1.44,2.62,1.48,2.6,1.48,2.53,1.51,2.81,1.45,2.65
60,Stockholm,Stockholm Open,10/11/06,International,Indoor,Hard,2nd Round,3,Rochus O.,Srichaphan P.,30,41,990,830,6,2,6,7,6,2,,,,,2,1,Completed,1.61,2.2,1.62,2.25,1.67,2.12,1.676,2.38,1.6,2.27
60,Stockholm,Stockholm Open,10/11/06,International,Indoor,Hard,2nd Round,3,Soderling R.,Bjorkman J.,36,49,893,768,6,0,6,2,,,,,,,2,0,Completed,1.25,3.5,1.25,3.85,1.2,4.45,1.27,4.41,1.27,3.6
60,Stockholm,Stockholm Open,10/11/06,International,Indoor,Hard,2nd Round,3,Johansson J.,Nadal R.,690,2,27,4625,6,4,7,6,,,,,,,2,0,Completed,4.33,1.19,4.1,1.22,3.89,1.23,5,1.227,4.3,1.2
60,Stockholm,Stockholm Open,10/12/06,International,Indoor,Hard,2nd Round,3,Nieminen J.,Gicquel M.,19,63,1315,628,6,3,6,2,,,,,,,2,0,Completed,1.44,2.62,1.53,2.45,1.48,2.53,1.613,2.53,1.52,2.45
60,Stockholm,Stockholm Open,10/12/06,International,Indoor,Hard,2nd Round,3,Lopez F.,Ferrer D.,81,15,506,1675,3,6,6,3,6,2,,,,,2,1,Completed,2.37,1.53,2.45,1.53,2.53,1.48,2.76,1.538,2.5,1.5
60,Stockholm,Stockholm Open,10/12/06,International,Indoor,Hard,2nd Round,3,Blake J.,Greul S.,8,82,2240,493,6,3,6,2,,,,,,,2,0,Completed,1.04,9,1.05,9,1.07,7.19,1.07,12.25,1.07,8
60,Stockholm,Stockholm Open,10/12/06,International,Indoor,Hard,2nd Round,3,Berdych T.,Vinciguerra A.,11,153,1830,294,4,6,7,5,7,5,,,,,2,1,Completed,1.14,5,1.15,5.25,1.15,5.2,1.244,4.7,1.13,5.6
60,Stockholm,Stockholm Open,10/13/06,International,Indoor,Hard,Quarterfinals,3,Nieminen J.,Lopez F.,19,81,1315,506,6,3,7,5,,,,,,,2,0,Completed,1.44,2.62,1.53,2.45,1.48,2.53,1.518,2.8,1.45,2.65
60,Stockholm,Stockholm Open,10/13/06,International,Indoor,Hard,Quarterfinals,3,Blake J.,Rochus O.,8,30,2240,990,6,7,6,4,6,2,,,,,2,1,Completed,1.2,4.33,1.18,4.65,1.17,4.67,,,1.2,4.3
60,Stockholm,Stockholm Open,10/13/06,International,Indoor,Hard,Quarterfinals,3,Johansson J.,Vliegen K.,690,35,27,905,6,7,7,6,7,6,,,,,2,1,Completed,1.44,2.62,1.45,2.7,1.48,2.53,1.51,2.81,1.5,2.5
60,Stockholm,Stockholm Open,10/13/06,International,Indoor,Hard,Quarterfinals,3,Soderling R.,Berdych T.,36,11,893,1830,6,2,6,3,,,,,,,2,0,Completed,1.72,2,1.7,2.1,1.65,2.15,1.662,2.41,1.7,2.1
60,Stockholm,Stockholm Open,10/14/06,International,Indoor,Hard,Semifinals,3,Blake J.,Soderling R.,8,36,2240,893,7,5,7,6,,,,,,,2,0,Completed,1.61,2.2,1.67,2.2,1.75,2.05,1.746,2.25,1.6,2.27
60,Stockholm,Stockholm Open,10/14/06,International,Indoor,Hard,Semifinals,3,Nieminen J.,Johansson J.,19,690,1315,27,7,6,6,7,6,3,,,,,2,1,Completed,1.66,2.1,1.7,2.15,1.6,2.25,1.676,2.38,1.68,2.12
60,Stockholm,Stockholm Open,10/15/06,International,Indoor,Hard,The Final,3,Blake J.,Nieminen J.,8,19,2240,1315,6,4,6,2,,,,,,,2,0,Completed,1.33,3.25,1.33,3.3,1.35,3.1,1.379,3.44,1.35,3.1
61,Vienna,BA-CA Tennis Trophy,10/9/06,International Gold,Indoor,Hard,1st Round,3,Gonzalez F.,Simon G.,10,43,1850,811,7,6,6,4,,,,,,,2,0,Completed,1.16,4.5,1.18,4.65,1.2,4.25,1.2,5.5,1.2,4.3
61,Vienna,BA-CA Tennis Trophy,10/9/06,International Gold,Indoor,Hard,1st Round,3,Wawrinka S.,Cilic M.,44,188,803,213,6,4,6,1,,,,,,,2,0,Completed,1.36,2.87,1.33,3.2,1.37,2.92,1.465,2.95,1.37,3
61,Vienna,BA-CA Tennis Trophy,10/9/06,International Gold,Indoor,Hard,1st Round,3,Marach O.,Eitzinger R.,102,205,417,195,2,6,7,5,7,6,,,,,2,1,Completed,1.36,2.87,1.45,2.7,1.4,2.85,1.481,2.88,1.42,2.78
61,Vienna,BA-CA Tennis Trophy,10/9/06,International Gold,Indoor,Hard,1st Round,3,Hrbaty D.,Bolelli S.,27,127,1043,348,6,2,6,4,,,,,,,2,0,Completed,1.25,3.5,1.3,3.4,1.25,3.75,1.286,4.2,1.3,3.4
61,Vienna,BA-CA Tennis Trophy,10/9/06,International Gold,Indoor,Hard,1st Round,3,Mayer F.,di Mauro A.,57,97,705,434,6,2,6,0,,,,,,,2,0,Completed,1.14,5,1.1,6.5,1.13,5.5,1.123,8.35,1.14,5.3
61,Vienna,BA-CA Tennis Trophy,10/10/06,International Gold,Indoor,Hard,1st Round,3,Haas T.,Fischer M.,14,448,1700,65,7,6,6,2,,,,,,,2,0,Completed,1.03,9,,,1.03,10.5,1.052,15.26,1.03,12
61,Vienna,BA-CA Tennis Trophy,10/10/06,International Gold,Indoor,Hard,1st Round,3,Nalbandian D.,Chela J.I.,4,33,2900,915,6,7,6,2,6,2,,,,,2,1,Completed,1.25,3.5,1.25,3.85,1.26,3.59,1.327,3.76,1.27,3.6
61,Vienna,BA-CA Tennis Trophy,10/10/06,International Gold,Indoor,Hard,1st Round,3,Koubek S.,Gremelmayr D.,88,114,457,381,6,1,6,0,,,,,,,2,0,Completed,1.39,2.75,1.42,2.8,1.37,2.92,1.461,2.97,1.45,2.68
61,Vienna,BA-CA Tennis Trophy,10/10/06,International Gold,Indoor,Hard,1st Round,3,Ljubicic I.,Calleri A.,3,29,3190,1003,7,6,6,2,,,,,,,2,0,Completed,1.16,4.5,1.22,4.1,1.23,3.89,1.267,4.45,1.25,3.75
61,Vienna,BA-CA Tennis Trophy,10/10/06,International Gold,Indoor,Hard,1st Round,3,Kubot L.,Grosjean S.,132,31,330,980,6,4,6,3,,,,,,,2,0,Completed,4,1.19,4.4,1.2,4.67,1.17,5,1.227,4.3,1.2
61,Vienna,BA-CA Tennis Trophy,10/10/06,International Gold,Indoor,Hard,1st Round,3,Baghdatis M.,Ramirez-Hidalgo R.,9,52,2066,738,6,3,3,6,6,4,,,,,2,1,Completed,1.14,5,1.18,4.65,1.17,4.67,1.2,5.5,1.22,4.1
61,Vienna,BA-CA Tennis Trophy,10/10/06,International Gold,Indoor,Hard,1st Round,3,Moya C.,Almagro N.,42,38,825,855,3,6,6,3,7,6,,,,,2,1,Completed,1.39,2.75,1.45,2.7,1.5,2.45,1.51,2.81,1.43,2.72
61,Vienna,BA-CA Tennis Trophy,10/11/06,International Gold,Indoor,Hard,1st Round,3,Gasquet R.,Falla A.,28,112,1035,383,7,6,6,3,,,,,,,2,0,Completed,1.1,6,1.1,6.5,1.1,6.75,1.13,7.98,1.13,5.6
61,Vienna,BA-CA Tennis Trophy,10/11/06,International Gold,Indoor,Hard,1st Round,3,Djokovic N.,Zib T.,16,146,1350,310,6,3,6,4,,,,,,,2,0,Completed,1.08,6.5,1.08,7.25,1.1,6.75,1.111,8.75,1.1,6.6
61,Vienna,BA-CA Tennis Trophy,10/11/06,International Gold,Indoor,Hard,1st Round,3,Melzer J.,Ferrero J.C.,39,17,850,1325,5,7,7,6,6,3,,,,,2,1,Completed,1.83,1.83,1.93,1.83,2,1.75,1.935,1.971,1.92,1.84
61,Vienna,BA-CA Tennis Trophy,10/11/06,International Gold,Indoor,Hard,1st Round,3,Roddick A.,Acasuso J.,6,25,2585,1080,6,0,7,6,,,,,,,2,0,Completed,1.14,5,1.12,6,1.17,4.67,1.179,6.1,1.17,4.75
61,Vienna,BA-CA Tennis Trophy,10/11/06,International Gold,Indoor,Hard,2nd Round,3,Hrbaty D.,Haas T.,27,14,1043,1700,6,3,4,6,6,0,,,,,2,1,Completed,2.62,1.44,2.6,1.48,2.6,1.45,2.6,1.588,2.6,1.47
61,Vienna,BA-CA Tennis Trophy,10/11/06,International Gold,Indoor,Hard,2nd Round,3,Ljubicic I.,Mayer F.,3,57,3190,705,6,3,6,3,,,,,,,2,0,Completed,1.11,6,1.14,5.4,1.15,5.2,1.135,7.71,1.14,5.3
61,Vienna,BA-CA Tennis Trophy,10/11/06,International Gold,Indoor,Hard,2nd Round,3,Gonzalez F.,Moya C.,10,42,1850,825,6,3,6,4,,,,,,,2,0,Completed,1.39,2.75,1.4,2.85,1.34,3.12,1.351,3.65,1.4,2.85
61,Vienna,BA-CA Tennis Trophy,10/12/06,International Gold,Indoor,Hard,2nd Round,3,Wawrinka S.,Djokovic N.,44,16,803,1350,6,3,6,3,,,,,,,2,0,Completed,3,1.36,2.85,1.4,2.85,1.4,2.94,1.467,2.85,1.4
61,Vienna,BA-CA Tennis Trophy,10/12/06,International Gold,Indoor,Hard,2nd Round,3,Nalbandian D.,Marach O.,4,102,2900,417,6,2,6,3,,,,,,,2,0,Completed,1.05,8.5,1.05,9,1.07,7.19,1.087,10.45,1.07,8
61,Vienna,BA-CA Tennis Trophy,10/12/06,International Gold,Indoor,Hard,2nd Round,3,Melzer J.,Kubot L.,39,132,850,330,6,4,3,6,6,1,,,,,2,1,Completed,1.22,4,1.28,3.55,,,1.275,4.34,1.23,3.95
61,Vienna,BA-CA Tennis Trophy,10/12/06,International Gold,Indoor,Hard,2nd Round,3,Roddick A.,Gasquet R.,6,28,2585,1035,6,7,6,1,6,3,,,,,2,1,Completed,1.36,3,1.42,2.8,1.4,2.75,1.377,3.45,1.47,2.6
61,Vienna,BA-CA Tennis Trophy,10/12/06,International Gold,Indoor,Hard,2nd Round,3,Koubek S.,Baghdatis M.,88,9,457,2066,1,6,7,6,6,2,,,,,2,1,Completed,3,1.36,2.85,1.4,2.92,1.37,3.27,1.405,2.8,1.4
61,Vienna,BA-CA Tennis Trophy,10/13/06,International Gold,Indoor,Hard,Quarterfinals,3,Gonzalez F.,Nalbandian D.,10,4,1850,2900,3,6,6,3,6,1,,,,,2,1,Completed,2.25,1.57,2,1.77,2,1.75,2.32,1.704,2.1,1.7
61,Vienna,BA-CA Tennis Trophy,10/13/06,International Gold,Indoor,Hard,Quarterfinals,3,Roddick A.,Melzer J.,6,39,2585,850,6,4,6,3,,,,,,,2,0,Completed,1.12,5.5,1.14,5.4,1.15,5.2,1.148,7.15,1.14,5.4
61,Vienna,BA-CA Tennis Trophy,10/13/06,International Gold,Indoor,Hard,Quarterfinals,3,Hrbaty D.,Koubek S.,27,88,1043,457,6,1,5,7,6,2,,,,,2,1,Completed,1.53,2.37,1.6,2.3,1.6,2.25,1.671,2.39,1.53,2.45
61,Vienna,BA-CA Tennis Trophy,10/13/06,International Gold,Indoor,Hard,Quarterfinals,3,Ljubicic I.,Wawrinka S.,3,44,3190,803,6,3,6,2,,,,,,,2,0,Completed,1.25,3.75,1.25,3.85,1.21,4.06,1.3,4.03,1.2,4.3
61,Vienna,BA-CA Tennis Trophy,10/14/06,International Gold,Indoor,Hard,Semifinals,3,Gonzalez F.,Roddick A.,10,6,1850,2585,6,4,3,6,7,6,,,,,2,1,Completed,3.75,1.25,3.5,1.3,3.35,1.3,3.6,1.357,3.6,1.27
61,Vienna,BA-CA Tennis Trophy,10/14/06,International Gold,Indoor,Hard,Semifinals,3,Ljubicic I.,Hrbaty D.,3,27,3190,1043,6,1,6,4,,,,,,,2,0,Completed,1.16,4.5,1.18,4.85,1.17,4.67,1.2,5.5,1.2,4.3
61,Vienna,BA-CA Tennis Trophy,10/15/06,International Gold,Indoor,Hard,The Final,5,Ljubicic I.,Gonzalez F.,3,10,3190,1850,6,3,6,4,7,5,,,,,3,0,Completed,1.44,2.62,1.5,2.6,1.5,2.45,1.588,2.6,1.55,2.4
62,Madrid,Madrid Masters,10/16/06,Masters,Indoor,Hard,1st Round,3,Srichaphan P.,Fraile G.,57,130,695,336,6,2,6,2,,,,,,,2,0,Completed,1.19,4.33,1.22,4.25,1.18,4.45,1.235,4.86,1.2,4.3
62,Madrid,Madrid Masters,10/16/06,Masters,Indoor,Hard,1st Round,3,Fish M.,Malisse X.,54,38,716,870,5,7,6,3,7,5,,,,,2,1,Completed,2,1.72,1.95,1.85,1.9,1.85,2.07,1.855,2.02,1.75
62,Madrid,Madrid Masters,10/16/06,Masters,Indoor,Hard,1st Round,3,Murray A.,Navarro-Pastor I.,19,135,1295,321,6,2,6,4,,,,,,,2,0,Completed,1.1,6.5,1.1,7,1.1,6.75,1.12,8.41,1.11,6.1
62,Madrid,Madrid Masters,10/16/06,Masters,Indoor,Hard,1st Round,3,Benneteau J.,Falla A.,46,107,785,397,6,2,6,1,,,,,,,2,0,Completed,,,1.57,2.4,1.51,2.46,1.621,2.51,1.55,2.37
62,Madrid,Madrid Masters,10/16/06,Masters,Indoor,Hard,1st Round,3,Massu N.,Gaudio G.,45,20,795,1245,4,6,6,3,0,0,,,,,1,1,Retired,1.44,2.62,1.67,2.2,1.42,2.75,1.488,2.85,1.5,2.5
62,Madrid,Madrid Masters,10/16/06,Masters,Indoor,Hard,1st Round,3,Calleri A.,Serra F.,28,58,1003,685,7,6,6,3,,,,,,,2,0,Completed,1.5,2.5,1.5,2.6,1.53,2.4,1.426,3.15,1.5,2.5
62,Madrid,Madrid Masters,10/16/06,Masters,Indoor,Hard,1st Round,3,Chela J.I.,Moya C.,35,43,915,825,6,3,6,2,,,,,,,2,0,Completed,2.62,1.44,2.65,1.48,2.85,1.4,2.78,1.524,2.75,1.42
62,Madrid,Madrid Masters,10/16/06,Masters,Indoor,Hard,1st Round,3,Grosjean S.,Bjorkman J.,30,52,980,733,6,4,7,5,,,,,,,2,0,Completed,1.22,4,1.22,4.25,1.2,4.25,1.25,4.6,1.2,4.3
62,Madrid,Madrid Masters,10/16/06,Masters,Indoor,Hard,1st Round,3,Henman T.,Verdasco F.,41,26,835,1055,7,5,6,3,,,,,,,2,0,Completed,1.83,1.83,1.93,1.87,1.95,1.8,2.1,1.833,1.9,1.85
62,Madrid,Madrid Masters,10/16/06,Masters,Indoor,Hard,1st Round,3,Ginepri R.,Lopez F.,47,81,775,501,6,1,3,6,6,3,,,,,2,1,Completed,2.25,1.57,2.05,1.77,2,1.75,2.4,1.667,2.02,1.75
62,Madrid,Madrid Masters,10/17/06,Masters,Indoor,Hard,1st Round,3,Hrbaty D.,Monfils G.,24,34,1090,930,3,6,2,2,,,,,,,0,1,Retired,1.53,2.37,1.57,2.4,1.55,2.35,1.637,2.47,1.5,2.5
62,Madrid,Madrid Masters,10/17/06,Masters,Indoor,Hard,1st Round,3,Soderling R.,Rochus O.,29,32,988,950,6,3,6,4,,,,,,,2,0,Completed,1.66,2.1,1.67,2.2,1.64,2.17,1.752,2.23,1.73,2.05
62,Madrid,Madrid Masters,10/17/06,Masters,Indoor,Hard,1st Round,3,Vliegen K.,Tursunov D.,33,21,945,1230,6,3,6,1,,,,,,,2,0,Completed,2.75,1.39,2.5,1.53,2.4,1.53,2.6,1.588,2.5,1.5
62,Madrid,Madrid Masters,10/17/06,Masters,Indoor,Hard,1st Round,3,Johansson J.,Del Potro J.M.,292,96,127,422,6,4,6,4,,,,,,,2,0,Completed,1.39,2.75,1.42,2.85,1.4,2.85,1.481,2.88,1.42,2.77
62,Madrid,Madrid Masters,10/17/06,Masters,Indoor,Hard,1st Round,3,Gasquet R.,Nieminen J.,27,16,1045,1410,6,2,6,3,,,,,,,2,0,Completed,1.44,2.62,1.53,2.5,1.53,2.4,1.5,2.85,1.5,2.5
62,Madrid,Madrid Masters,10/17/06,Masters,Indoor,Hard,1st Round,3,Safin M.,Acasuso J.,49,25,765,1080,7,6,6,7,6,3,,,,,2,1,Completed,1.28,3.5,1.28,3.65,1.25,3.74,1.375,3.47,1.3,3.4
62,Madrid,Madrid Masters,10/17/06,Masters,Indoor,Hard,2nd Round,3,Robredo T.,Chela J.I.,8,35,2175,915,7,6,7,6,,,,,,,2,0,Completed,1.44,2.62,1.48,2.65,1.5,2.45,1.588,2.6,1.52,2.45
62,Madrid,Madrid Masters,10/17/06,Masters,Indoor,Hard,2nd Round,3,Roddick A.,Grosjean S.,6,30,2635,980,6,4,7,6,,,,,,,2,0,Completed,1.12,5.5,1.14,5.65,1.13,5.5,1.146,7.25,1.13,5.5
62,Madrid,Madrid Masters,10/17/06,Masters,Indoor,Hard,2nd Round,3,Henman T.,Ferrer D.,41,15,835,1675,6,1,4,6,6,1,,,,,2,1,Completed,1.53,2.37,1.7,2.15,1.495,2.49,1.69,2.35,1.62,2.22
62,Madrid,Madrid Masters,10/17/06,Masters,Indoor,Hard,2nd Round,3,Federer R.,Massu N.,1,45,7370,795,6,3,6,2,,,,,,,2,0,Completed,1.01,17,1.01,16,1.02,11.5,1.019,39.03,1.01,30
62,Madrid,Madrid Masters,10/17/06,Masters,Indoor,Hard,2nd Round,3,Nalbandian D.,Benneteau J.,4,46,2900,785,6,7,6,2,7,5,,,,,2,1,Completed,1.22,4,1.28,3.65,1.18,4.45,1.227,5,1.25,3.75
62,Madrid,Madrid Masters,10/18/06,Masters,Indoor,Hard,2nd Round,3,Gonzalez F.,Srichaphan P.,10,57,1965,695,7,5,6,7,6,4,,,,,2,1,Completed,1.25,3.75,1.28,3.65,1.35,3.1,1.311,3.92,1.34,3.15
62,Madrid,Madrid Masters,10/18/06,Masters,Indoor,Hard,2nd Round,3,Ginepri R.,Ancic M.,47,12,775,1750,7,6,7,6,,,,,,,2,0,Completed,2.62,1.44,2.35,1.6,2.6,1.46,2.51,1.621,2.25,1.61
62,Madrid,Madrid Masters,10/18/06,Masters,Indoor,Hard,2nd Round,3,Haas T.,Hrbaty D.,13,24,1700,1090,6,3,7,6,,,,,,,2,0,Completed,1.57,2.25,1.67,2.2,1.64,2.17,1.671,2.39,1.67,2.15
62,Madrid,Madrid Masters,10/18/06,Masters,Indoor,Hard,2nd Round,3,Vliegen K.,Blake J.,33,7,945,2240,6,4,3,6,7,6,,,,,2,1,Completed,4,1.22,4,1.25,3.9,1.25,4.33,1.275,3.75,1.25
62,Madrid,Madrid Masters,10/18/06,Masters,Indoor,Hard,2nd Round,3,Murray A.,Ljubicic I.,19,3,1295,3190,6,4,3,6,6,3,,,,,2,1,Completed,3,1.36,3.1,1.37,2.92,1.37,3.4,1.385,2.95,1.38
62,Madrid,Madrid Masters,10/18/06,Masters,Indoor,Hard,2nd Round,3,Berdych T.,Calleri A.,11,28,1860,1003,7,6,6,3,,,,,,,2,0,Completed,1.44,2.62,1.6,2.35,1.48,2.53,1.613,2.53,1.53,2.44
62,Madrid,Madrid Masters,10/18/06,Masters,Indoor,Hard,2nd Round,3,Djokovic N.,Gasquet R.,17,27,1360,1045,7,6,1,6,6,1,,,,,2,1,Completed,2.25,1.57,2.1,1.73,2.12,1.67,2.26,1.735,2.14,1.68
62,Madrid,Madrid Masters,10/18/06,Masters,Indoor,Hard,2nd Round,3,Soderling R.,Ferrero J.C.,29,22,988,1175,6,3,6,2,,,,,,,2,0,Completed,1.39,2.75,1.45,2.75,1.45,2.6,1.42,3.18,1.45,2.65
62,Madrid,Madrid Masters,10/18/06,Masters,Indoor,Hard,2nd Round,3,Johansson J.,Davydenko N.,292,5,127,2720,6,4,6,7,6,3,,,,,2,1,Completed,2.5,1.5,2.5,1.53,2.35,1.55,2.78,1.524,2.36,1.56
62,Madrid,Madrid Masters,10/18/06,Masters,Indoor,Hard,2nd Round,3,Nadal R.,Fish M.,2,54,4645,716,6,4,6,2,,,,,,,2,0,Completed,1.1,6.5,1.1,7,1.1,6.75,1.138,7.55,1.1,6.6
62,Madrid,Madrid Masters,10/18/06,Masters,Indoor,Hard,2nd Round,3,Safin M.,Baghdatis M.,49,9,765,2076,6,4,6,3,,,,,,,2,0,Completed,1.66,2.1,1.65,2.25,1.65,2.15,1.752,2.23,1.63,2.22
62,Madrid,Madrid Masters,10/19/06,Masters,Indoor,Hard,3rd Round,3,Ginepri R.,Robredo T.,47,8,775,2175,6,3,7,6,,,,,,,2,0,Completed,2.37,1.53,2.25,1.65,2.35,1.55,2.35,1.69,2.16,1.66
62,Madrid,Madrid Masters,10/19/06,Masters,Indoor,Hard,3rd Round,3,Berdych T.,Roddick A.,11,6,1860,2635,7,6,6,3,,,,,,,2,0,Completed,3.5,1.25,3.3,1.33,2.75,1.42,3.86,1.316,3.3,1.31
62,Madrid,Madrid Masters,10/19/06,Masters,Indoor,Hard,3rd Round,3,Safin M.,Vliegen K.,49,33,765,945,6,3,6,2,,,,,,,2,0,Completed,1.36,3,1.4,2.95,1.35,3.1,1.474,2.91,1.37,3
62,Madrid,Madrid Masters,10/19/06,Masters,Indoor,Hard,3rd Round,3,Gonzalez F.,Johansson J.,10,292,1965,127,,,,,,,,,,,,,Walkover,1.9,1.8,2.15,1.7,1.85,1.9,2.18,1.781,1.92,1.84
62,Madrid,Madrid Masters,10/19/06,Masters,Indoor,Hard,3rd Round,3,Nalbandian D.,Henman T.,4,41,2900,835,6,2,2,6,7,5,,,,,2,1,Completed,1.5,2.5,1.48,2.65,1.45,2.6,1.625,2.5,1.57,2.33
62,Madrid,Madrid Masters,10/19/06,Masters,Indoor,Hard,3rd Round,3,Federer R.,Soderling R.,1,29,7370,988,7,6,7,6,,,,,,,2,0,Completed,1.03,11,1.03,12,1.03,10.5,1.063,13.75,1.04,11
62,Madrid,Madrid Masters,10/19/06,Masters,Indoor,Hard,3rd Round,3,Nadal R.,Haas T.,2,13,4645,1700,6,4,6,3,,,,,,,2,0,Completed,1.16,4.5,1.18,4.85,1.15,5.2,1.2,5.5,1.16,4.9
62,Madrid,Madrid Masters,10/19/06,Masters,Indoor,Hard,3rd Round,3,Djokovic N.,Murray A.,17,19,1360,1295,1,6,7,5,6,3,,,,,2,1,Completed,2.1,1.66,1.95,1.85,1.95,1.8,2.09,1.84,1.9,1.85
62,Madrid,Madrid Masters,10/20/06,Masters,Indoor,Hard,Quarterfinals,3,Nalbandian D.,Safin M.,4,49,2900,765,6,4,6,7,7,6,,,,,2,1,Completed,2.62,1.44,2.75,1.45,2.6,1.45,2.96,1.463,2.5,1.5
62,Madrid,Madrid Masters,10/20/06,Masters,Indoor,Hard,Quarterfinals,3,Federer R.,Ginepri R.,1,47,7370,775,6,3,7,6,,,,,,,2,0,Completed,1.02,12,1.02,14,1.04,9.25,1.04,21,1.04,11
62,Madrid,Madrid Masters,10/20/06,Masters,Indoor,Hard,Quarterfinals,3,Berdych T.,Nadal R.,11,2,1860,4645,6,3,7,6,,,,,,,2,0,Completed,3,1.36,3.2,1.35,2.92,1.37,3.46,1.376,2.82,1.41
62,Madrid,Madrid Masters,10/20/06,Masters,Indoor,Hard,Quarterfinals,3,Gonzalez F.,Djokovic N.,10,17,1965,1360,7,5,5,7,7,5,,,,,2,1,Completed,2.1,1.66,2.05,1.77,2.15,1.65,2.07,1.855,2,1.78
62,Madrid,Madrid Masters,10/21/06,Masters,Indoor,Hard,Semifinals,3,Federer R.,Nalbandian D.,1,4,7370,2900,6,4,6,0,,,,,,,2,0,Completed,1.1,7,1.11,6.5,1.1,6.75,1.148,7.17,1.15,5.2
62,Madrid,Madrid Masters,10/21/06,Masters,Indoor,Hard,Semifinals,3,Gonzalez F.,Berdych T.,10,11,1965,1860,6,3,6,1,,,,,,,2,0,Completed,2.37,1.57,2.32,1.6,2.45,1.5,2.51,1.621,2.16,1.66
62,Madrid,Madrid Masters,10/22/06,Masters,Indoor,Hard,The Final,5,Federer R.,Gonzalez F.,1,10,7370,1965,7,5,6,1,6,0,,,,,3,0,Completed,1.05,10,1.05,10,1.04,9.25,1.067,13,1.06,9
63,Basel,Davidoff Swiss Indoors,10/24/06,International,Indoor,Carpet,1st Round,3,Fish M.,Vanek J.,49,86,761,453,6,4,6,3,,,,,,,2,0,Completed,1.14,5,1.16,5,1.18,4.45,1.196,5.59,1.15,5.1
63,Basel,Davidoff Swiss Indoors,10/24/06,International,Indoor,Carpet,1st Round,3,Garcia-Lopez G.,Reister J.,75,371,522,90,7,6,6,2,,,,,,,2,0,Completed,,,,,,,1.667,2.4,,
63,Basel,Davidoff Swiss Indoors,10/24/06,International,Indoor,Carpet,1st Round,3,Novak J.,Hajek J.,122,76,361,520,6,7,3,0,,,,,,,0,1,Retired,1.33,3,1.4,2.85,1.45,2.6,1.469,2.93,1.42,2.77
63,Basel,Davidoff Swiss Indoors,10/24/06,International,Indoor,Carpet,1st Round,3,Kohlschreiber P.,Thomann N.,58,266,663,146,6,1,7,5,,,,,,,2,0,Completed,1.33,3,1.4,2.85,1.37,2.92,1.427,3.14,1.4,2.85
63,Basel,Davidoff Swiss Indoors,10/24/06,International,Indoor,Carpet,1st Round,3,Srichaphan P.,Becker B.,54,59,710,651,7,6,7,6,,,,,,,2,0,Completed,1.57,2.25,1.67,2.15,1.75,2,1.662,2.41,1.65,2.18
63,Basel,Davidoff Swiss Indoors,10/24/06,International,Indoor,Carpet,1st Round,3,Federer R.,Zib T.,1,151,7870,300,6,1,6,2,,,,,,,2,0,Completed,1.01,15,1.01,14,,,1.012,61,1.01,50
63,Basel,Davidoff Swiss Indoors,10/24/06,International,Indoor,Carpet,1st Round,3,Ferrer D.,Chiudinelli M.,15,161,1555,255,6,7,6,3,6,4,,,,,2,1,Completed,1.53,2.37,1.6,2.3,1.53,2.4,1.676,2.38,1.68,2.12
63,Basel,Davidoff Swiss Indoors,10/24/06,International,Indoor,Carpet,1st Round,3,Bastl G.,Burgsmuller L.,157,167,271,249,6,1,6,4,,,,,,,2,0,Completed,2,1.72,2,1.77,1.95,1.8,2.17,1.787,1.94,1.82
63,Basel,Davidoff Swiss Indoors,10/25/06,International,Indoor,Carpet,1st Round,3,Acasuso J.,Montanes A.,28,83,1010,473,6,4,6,3,,,,,,,2,0,Completed,1.12,5.5,1.13,5.65,1.1,6.23,1.151,7.01,1.12,5.8
63,Basel,Davidoff Swiss Indoors,10/25/06,International,Indoor,Carpet,1st Round,3,Gonzalez F.,Bolelli S.,7,124,2190,355,7,6,6,7,7,6,,,,,2,1,Completed,1.06,7.5,1.08,7.25,1.07,7.19,1.08,11,1.07,8
63,Basel,Davidoff Swiss Indoors,10/25/06,International,Indoor,Carpet,1st Round,3,Chela J.I.,Volandri F.,35,34,900,910,6,4,7,5,,,,,,,2,0,Completed,1.19,4,1.2,4.4,1.25,3.75,1.248,4.64,1.2,4.3
63,Basel,Davidoff Swiss Indoors,10/25/06,International,Indoor,Carpet,1st Round,3,Henman T.,Rochus C.,38,68,875,561,6,2,6,3,,,,,,,2,0,Completed,1.07,7,1.1,6.5,1.1,6.75,1.116,8.36,1.08,7.4
63,Basel,Davidoff Swiss Indoors,10/25/06,International,Indoor,Carpet,1st Round,3,Lopez F.,Ramirez-Hidalgo R.,80,51,501,738,3,6,7,6,6,1,,,,,2,1,Completed,1.33,3,1.3,3.4,1.3,3.35,1.352,3.64,1.34,3.14
63,Basel,Davidoff Swiss Indoors,10/25/06,International,Indoor,Carpet,1st Round,3,Wawrinka S.,Calleri A.,40,29,858,988,7,6,6,2,,,,,,,2,0,Completed,1.57,2.25,1.57,2.35,1.6,2.25,1.629,2.49,1.6,2.27
63,Basel,Davidoff Swiss Indoors,10/25/06,International,Indoor,Carpet,1st Round,3,Nalbandian D.,Karanusic R.,3,179,2900,231,6,2,6,4,,,,,,,2,0,Completed,1.06,7.5,1.06,8.5,1.07,7.19,1.096,9.41,1.08,7.4
63,Basel,Davidoff Swiss Indoors,10/25/06,International,Indoor,Carpet,1st Round,3,Del Potro J.M.,Clemens T.,91,207,436,194,3,6,6,3,6,2,,,,,2,1,Completed,,,1.45,2.7,,,,,,
63,Basel,Davidoff Swiss Indoors,10/26/06,International,Indoor,Carpet,2nd Round,3,Gonzalez F.,Fish M.,7,49,2190,761,6,7,6,4,7,6,,,,,2,1,Completed,1.53,2.37,1.53,2.45,1.55,2.35,1.621,2.51,1.62,2.23
63,Basel,Davidoff Swiss Indoors,10/26/06,International,Indoor,Carpet,2nd Round,3,Srichaphan P.,Chela J.I.,54,35,710,900,6,4,6,3,,,,,,,2,0,Completed,1.61,2.2,1.6,2.3,1.6,2.3,1.617,2.52,1.55,2.4
63,Basel,Davidoff Swiss Indoors,10/26/06,International,Indoor,Carpet,2nd Round,3,Acasuso J.,Kohlschreiber P.,28,58,1010,663,7,6,6,1,,,,,,,2,0,Completed,1.57,2.25,1.53,2.45,1.55,2.35,1.621,2.51,1.58,2.3
63,Basel,Davidoff Swiss Indoors,10/26/06,International,Indoor,Carpet,2nd Round,3,Del Potro J.M.,Bastl G.,91,157,436,271,6,3,6,2,,,,,,,2,0,Completed,1.53,2.37,1.55,2.4,1.55,2.35,1.658,2.42,1.6,2.27
63,Basel,Davidoff Swiss Indoors,10/26/06,International,Indoor,Carpet,2nd Round,3,Wawrinka S.,Henman T.,40,38,858,875,2,6,7,6,6,4,,,,,2,1,Completed,2.5,1.5,2.3,1.6,2.35,1.55,2.64,1.575,2.4,1.54
63,Basel,Davidoff Swiss Indoors,10/26/06,International,Indoor,Carpet,2nd Round,3,Ferrer D.,Novak J.,15,122,1555,361,2,6,6,3,6,3,,,,,2,1,Completed,1.61,2.2,1.65,2.2,1.6,2.25,1.763,2.21,1.67,2.14
63,Basel,Davidoff Swiss Indoors,10/26/06,International,Indoor,Carpet,2nd Round,3,Federer R.,Garcia-Lopez G.,1,75,7870,522,6,2,6,0,,,,,,,2,0,Completed,1,17,1.01,14,1.01,13.5,1.011,66,1.01,30
63,Basel,Davidoff Swiss Indoors,10/26/06,International,Indoor,Carpet,2nd Round,3,Nalbandian D.,Lopez F.,3,80,2900,501,6,7,6,3,7,6,,,,,2,1,Completed,1.22,4,1.22,4.1,1.28,3.46,1.25,4.6,1.21,4.2
63,Basel,Davidoff Swiss Indoors,10/27/06,International,Indoor,Carpet,Quarterfinals,3,Gonzalez F.,Del Potro J.M.,7,91,2190,436,5,7,6,4,6,4,,,,,2,1,Completed,1.36,3,1.48,2.65,1.4,2.85,1.441,3.07,1.35,3.1
63,Basel,Davidoff Swiss Indoors,10/27/06,International,Indoor,Carpet,Quarterfinals,3,Wawrinka S.,Nalbandian D.,40,3,858,2900,7,6,6,2,,,,,,,2,0,Completed,2.62,1.44,2.5,1.53,2.53,1.48,2.72,1.549,2.55,1.48
63,Basel,Davidoff Swiss Indoors,10/27/06,International,Indoor,Carpet,Quarterfinals,3,Federer R.,Ferrer D.,1,15,7870,1555,6,3,7,6,,,,,,,2,0,Completed,1.01,13,1.01,16,1.01,13.5,1.015,46.7,1.01,30
63,Basel,Davidoff Swiss Indoors,10/27/06,International,Indoor,Carpet,Quarterfinals,3,Srichaphan P.,Acasuso J.,54,28,710,1010,7,6,6,3,,,,,,,2,0,Completed,1.61,2.2,1.62,2.3,1.6,2.25,1.714,2.3,1.6,2.28
63,Basel,Davidoff Swiss Indoors,10/28/06,International,Indoor,Carpet,Semifinals,3,Gonzalez F.,Wawrinka S.,7,40,2190,858,6,4,6,4,,,,,,,2,0,Completed,1.83,1.83,2,1.81,1.99,1.76,2.1,1.833,2,1.77
63,Basel,Davidoff Swiss Indoors,10/28/06,International,Indoor,Carpet,Semifinals,3,Federer R.,Srichaphan P.,1,54,7870,710,6,4,3,6,7,6,,,,,2,1,Completed,1.01,13,1.01,16,1.01,13.5,1.022,33.5,1.02,18
63,Basel,Davidoff Swiss Indoors,10/29/06,International,Indoor,Carpet,The Final,5,Federer R.,Gonzalez F.,1,7,7870,2190,6,3,6,2,7,6,,,,,3,0,Completed,1.04,9,1.03,12,1.04,9.25,1.05,16,1.04,11
64,Lyon,Grand Prix de Lyon,10/23/06,International,Indoor,Carpet,1st Round,3,Mayer F.,Mahut N.,55,65,705,585,7,6,6,3,,,,,,,2,0,Completed,1.72,2,1.83,1.93,1.8,1.95,1.935,1.971,1.82,1.94
64,Lyon,Grand Prix de Lyon,10/23/06,International,Indoor,Carpet,1st Round,3,Almagro N.,Marach O.,42,98,845,417,2,6,7,5,6,1,,,,,2,1,Completed,1.3,3.2,1.35,3.1,1.32,3.22,1.465,2.95,1.35,3.1
64,Lyon,Grand Prix de Lyon,10/23/06,International,Indoor,Carpet,1st Round,3,Massu N.,Kim K.,45,87,825,449,7,6,7,5,,,,,,,2,0,Completed,1.36,2.87,1.33,3.2,1.35,3.1,1.38,3.43,1.4,2.85
64,Lyon,Grand Prix de Lyon,10/23/06,International,Indoor,Carpet,1st Round,3,Soderling R.,Ascione T.,26,197,1048,203,6,3,6,1,,,,,,,2,0,Completed,1.1,6,1.06,8.5,1.07,7.19,1.13,8,1.12,5.7
64,Lyon,Grand Prix de Lyon,10/23/06,International,Indoor,Carpet,1st Round,3,Grosjean S.,Mathieu P.H.,30,52,980,735,6,3,7,6,,,,,,,2,0,Completed,1.44,2.62,1.53,2.45,1.55,2.35,1.556,2.7,1.5,2.5
64,Lyon,Grand Prix de Lyon,10/24/06,International,Indoor,Carpet,1st Round,3,Greul S.,Gaudio G.,79,20,508,1245,6,0,6,2,,,,,,,2,0,Completed,2.75,1.39,,,2.92,1.37,2.9,1.476,2.65,1.45
64,Lyon,Grand Prix de Lyon,10/24/06,International,Indoor,Carpet,1st Round,3,Norman D.,Patience O.,90,95,442,424,6,4,7,5,,,,,,,2,0,Completed,1.61,2.2,1.65,2.2,1.67,2.12,1.667,2.4,1.6,2.27
64,Lyon,Grand Prix de Lyon,10/24/06,International,Indoor,Carpet,1st Round,3,Saulnier C.,Falla A.,250,99,159,416,6,7,6,3,6,2,,,,,2,1,Completed,1.72,2,1.67,2.15,1.65,2.15,1.735,2.26,1.78,1.98
64,Lyon,Grand Prix de Lyon,10/24/06,International,Indoor,Carpet,1st Round,3,Hrbaty D.,Serra F.,25,57,1050,675,3,6,6,3,6,3,,,,,2,1,Completed,1.66,2.1,1.77,2,1.8,1.95,2,1.909,1.8,1.96
64,Lyon,Grand Prix de Lyon,10/24/06,International,Indoor,Carpet,1st Round,3,Benneteau J.,Mathieu P.H.,44,52,827,735,7,5,6,4,,,,,,,2,0,Completed,1.14,5,1.2,4.4,,,1.179,6.09,1.17,4.7
64,Lyon,Grand Prix de Lyon,10/24/06,International,Indoor,Carpet,1st Round,3,Gicquel M.,Seppi A.,61,77,643,513,6,4,6,3,,,,,,,2,0,Completed,1.28,3.25,1.33,3.2,1.3,3.35,1.315,3.87,1.33,3.2
64,Lyon,Grand Prix de Lyon,10/24/06,International,Indoor,Carpet,1st Round,3,Clement A.,Baghdatis M.,50,11,755,2061,6,2,5,7,6,3,,,,,2,1,Completed,2.2,1.61,2.1,1.7,2,1.75,2.37,1.68,1.98,1.78
64,Lyon,Grand Prix de Lyon,10/24/06,International,Indoor,Carpet,1st Round,3,Gasquet R.,Safin M.,24,36,1080,890,6,4,7,6,,,,,,,2,0,Completed,2,1.72,2.1,1.73,2,1.75,2.12,1.82,1.96,1.8
64,Lyon,Grand Prix de Lyon,10/24/06,International,Indoor,Carpet,1st Round,3,Malisse X.,Spadea V.,41,73,850,540,6,3,4,6,6,1,,,,,2,1,Completed,1.3,3.2,1.35,3.1,1.32,3.22,1.333,3.7,1.33,3.2
64,Lyon,Grand Prix de Lyon,10/25/06,International,Indoor,Carpet,1st Round,3,Llodra M.,Mertinak M.,109,290,390,129,4,6,7,6,6,2,,,,,2,1,Completed,1.3,3.2,1.3,3.4,1.3,3.35,1.328,3.75,1.32,3.25
64,Lyon,Grand Prix de Lyon,10/25/06,International,Indoor,Carpet,1st Round,3,Ginepri R.,Simon G.,56,46,675,811,7,6,7,6,,,,,,,2,0,Completed,1.22,3.75,1.3,3.4,1.32,3.22,1.314,3.88,1.3,3.4
64,Lyon,Grand Prix de Lyon,10/25/06,International,Indoor,Carpet,2nd Round,3,Almagro N.,Mayer F.,42,55,845,705,7,6,6,4,,,,,,,2,0,Completed,2.5,1.5,2.55,1.5,2.75,1.42,3,1.455,2.5,1.5
64,Lyon,Grand Prix de Lyon,10/25/06,International,Indoor,Carpet,2nd Round,3,Gicquel M.,Hrbaty D.,61,25,643,1050,6,3,6,3,,,,,,,2,0,Completed,2,1.72,1.88,1.88,1.87,1.87,1.935,1.971,1.96,1.8
64,Lyon,Grand Prix de Lyon,10/25/06,International,Indoor,Carpet,2nd Round,3,Soderling R.,Massu N.,26,45,1048,825,7,5,6,3,,,,,,,2,0,Completed,1.14,5,1.18,4.65,1.15,5.2,1.22,5.15,1.18,4.6
64,Lyon,Grand Prix de Lyon,10/26/06,International,Indoor,Carpet,2nd Round,3,Ginepri R.,Greul S.,56,79,675,508,6,1,6,2,,,,,,,2,0,Completed,1.25,3.75,1.22,4.1,1.28,3.46,1.307,3.96,1.3,3.4
64,Lyon,Grand Prix de Lyon,10/26/06,International,Indoor,Carpet,2nd Round,3,Malisse X.,Benneteau J.,41,44,850,827,6,2,7,6,,,,,,,2,0,Completed,1.53,2.37,1.67,2.15,1.6,2.25,1.69,2.35,1.7,2.1
64,Lyon,Grand Prix de Lyon,10/26/06,International,Indoor,Carpet,2nd Round,3,Grosjean S.,Saulnier C.,30,250,980,159,7,6,6,2,,,,,,,2,0,Completed,1.3,3.39,1.3,3.4,1.35,3.1,1.364,3.55,1.38,2.95
64,Lyon,Grand Prix de Lyon,10/26/06,International,Indoor,Carpet,2nd Round,3,Clement A.,Llodra M.,50,109,755,390,2,6,6,1,7,6,,,,,2,1,Completed,1.33,3.25,1.33,3.2,1.37,2.92,1.326,3.77,1.36,3.03
64,Lyon,Grand Prix de Lyon,10/26/06,International,Indoor,Carpet,2nd Round,3,Gasquet R.,Norman D.,24,90,1080,442,6,3,6,4,,,,,,,2,0,Completed,1.07,7.5,1.08,7.25,1.1,6.25,1.124,8.29,1.1,6.5
64,Lyon,Grand Prix de Lyon,10/27/06,International,Indoor,Carpet,Quarterfinals,3,Malisse X.,Ginepri R.,41,56,850,675,6,4,6,3,,,,,,,2,0,Completed,2.25,1.57,2.25,1.65,2.1,1.7,2.37,1.68,2.28,1.6
64,Lyon,Grand Prix de Lyon,10/27/06,International,Indoor,Carpet,Quarterfinals,3,Gicquel M.,Grosjean S.,61,30,643,980,7,5,1,6,7,6,,,,,2,1,Completed,2.5,1.5,2.3,1.62,2.3,1.6,2.48,1.633,2.33,1.57
64,Lyon,Grand Prix de Lyon,10/27/06,International,Indoor,Carpet,Quarterfinals,3,Clement A.,Almagro N.,50,42,755,845,6,3,6,2,,,,,,,2,0,Completed,1.36,3,1.47,2.7,1.45,2.6,1.478,2.89,1.43,2.72
64,Lyon,Grand Prix de Lyon,10/27/06,International,Indoor,Carpet,Quarterfinals,3,Gasquet R.,Soderling R.,24,26,1080,1048,4,6,6,3,6,2,,,,,2,1,Completed,1.8,1.9,2.03,1.79,1.9,1.85,1.98,1.926,1.9,1.86
64,Lyon,Grand Prix de Lyon,10/28/06,International,Indoor,Carpet,Semifinals,3,Gicquel M.,Malisse X.,61,41,643,850,6,4,1,6,7,6,,,,,2,1,Completed,2.2,1.61,2.4,1.57,2.25,1.6,2.6,1.588,2.34,1.57
64,Lyon,Grand Prix de Lyon,10/28/06,International,Indoor,Carpet,Semifinals,3,Gasquet R.,Clement A.,24,50,1080,755,6,7,6,4,6,1,,,,,2,1,Completed,1.39,2.75,1.5,2.6,1.5,2.45,1.541,2.75,1.47,2.6
64,Lyon,Grand Prix de Lyon,10/29/06,International,Indoor,Carpet,The Final,3,Gasquet R.,Gicquel M.,24,61,1080,643,6,3,6,1,,,,,,,2,0,Completed,1.22,4,1.22,4.25,1.25,3.75,1.271,4.39,1.23,4
65,St. Petersburg,St. Petersburg Open,10/23/06,International,Indoor,Carpet,1st Round,3,Moodie W.,Gabashvili T.,135,125,325,354,2,6,7,5,6,3,,,,,2,1,Completed,1.9,1.8,2,1.77,2.05,1.75,2.16,1.794,1.96,1.8
65,St. Petersburg,St. Petersburg Open,10/23/06,International,Indoor,Carpet,1st Round,3,Dlouhy L.,Melzer J.,108,39,390,875,3,6,6,4,6,3,,,,,2,1,Completed,4,1.19,4.4,1.2,3.4,1.29,4.19,1.287,3.75,1.25
65,St. Petersburg,St. Petersburg Open,10/23/06,International,Indoor,Carpet,1st Round,3,Gulbis E.,Vik R.,204,81,197,489,6,4,3,6,7,6,,,,,2,1,Completed,,,,,2.85,1.4,3.35,1.392,,
65,St. Petersburg,St. Petersburg Open,10/23/06,International,Indoor,Carpet,1st Round,3,Nieminen J.,Tipsarevic J.,18,66,1340,582,7,5,6,2,,,,,,,2,0,Completed,1.36,2.87,1.45,2.7,1.44,2.67,1.575,2.64,1.42,2.76
65,St. Petersburg,St. Petersburg Open,10/23/06,International,Indoor,Carpet,1st Round,3,Starace P.,Bracciali D.,97,67,417,566,6,3,6,3,,,,,,,2,0,Completed,4.5,1.16,4.4,1.2,4.25,1.2,4.5,1.263,4.3,1.2
65,St. Petersburg,St. Petersburg Open,10/23/06,International,Indoor,Carpet,1st Round,3,Kunitsyn I.,Phau B.,128,74,348,526,7,6,6,3,,,,,,,2,0,Completed,1.33,3,1.33,3.2,1.37,2.92,1.385,3.4,1.33,3.2
65,St. Petersburg,St. Petersburg Open,10/23/06,International,Indoor,Carpet,1st Round,3,Hernych J.,Korolev E.,85,88,459,447,6,7,6,4,7,6,,,,,2,1,Completed,2.2,1.61,2.4,1.55,2.35,1.55,2.7,1.556,2.28,1.6
65,St. Petersburg,St. Petersburg Open,10/24/06,International,Indoor,Carpet,1st Round,3,Pavel A.,Cilic M.,106,185,393,227,6,4,7,5,,,,,,,2,0,Completed,1.66,2.1,1.77,2,1.75,2.05,1.909,2,1.78,1.98
65,St. Petersburg,St. Petersburg Open,10/24/06,International,Indoor,Carpet,1st Round,3,Ancic M.,Goldstein P.,12,71,1750,550,7,5,6,1,,,,,,,2,0,Completed,1.1,6,1.12,6,1.1,6.75,1.132,7.85,1.14,5.3
65,St. Petersburg,St. Petersburg Open,10/24/06,International,Indoor,Carpet,1st Round,3,Johansson T.,Dancevic F.,64,82,635,484,6,0,6,7,6,3,,,,,2,1,Completed,1.44,2.62,1.5,2.55,1.53,2.4,1.565,2.67,1.45,2.65
65,St. Petersburg,St. Petersburg Open,10/24/06,International,Indoor,Carpet,1st Round,3,Arthurs W.,Robredo T.,196,8,203,2175,6,3,2,6,6,4,,,,,2,1,Completed,3.75,1.22,5,1.16,4.67,1.17,4.81,1.238,4.9,1.16
65,St. Petersburg,St. Petersburg Open,10/24/06,International,Indoor,Carpet,1st Round,3,Davydenko N.,Santoro F.,6,43,2650,830,6,3,6,1,,,,,,,2,0,Completed,1.08,6.5,1.11,6.25,1.1,6.75,1.13,8,1.12,5.8
65,St. Petersburg,St. Petersburg Open,10/24/06,International,Indoor,Carpet,1st Round,3,Youzhny M.,Schuettler R.,23,105,1110,399,7,6,6,4,,,,,,,2,0,Completed,1.3,3.39,1.3,3.4,1.3,3.35,1.357,3.6,1.3,3.4
65,St. Petersburg,St. Petersburg Open,10/25/06,International,Indoor,Carpet,1st Round,3,Sluiter R.,Kubot L.,84,119,468,372,6,4,3,6,6,3,,,,,2,1,Completed,1.57,2.25,1.65,2.2,1.6,2.25,1.671,2.39,1.67,2.15
65,St. Petersburg,St. Petersburg Open,10/25/06,International,Indoor,Carpet,1st Round,3,Haas T.,Zimonjic N.,13,674,1740,28,6,2,6,7,6,2,,,,,2,1,Completed,1.14,5,1.14,5.4,1.15,5.2,,,1.12,6
65,St. Petersburg,St. Petersburg Open,10/25/06,International,Indoor,Carpet,1st Round,3,Mirnyi M.,Tursunov D.,60,22,645,1175,4,6,6,3,6,4,,,,,2,1,Completed,2.37,1.53,2.35,1.6,2.25,1.6,2.58,1.595,2.37,1.55
65,St. Petersburg,St. Petersburg Open,10/25/06,International,Indoor,Carpet,2nd Round,3,Starace P.,Nieminen J.,97,18,417,1340,7,5,3,2,,,,,,,1,0,Retired,7.5,1.07,7.25,1.08,7.19,1.07,8.75,1.111,6.5,1.1
65,St. Petersburg,St. Petersburg Open,10/25/06,International,Indoor,Carpet,2nd Round,3,Gulbis E.,Dlouhy L.,204,108,197,390,5,7,6,3,6,3,,,,,2,1,Completed,,,,,,,,,,
65,St. Petersburg,St. Petersburg Open,10/25/06,International,Indoor,Carpet,2nd Round,3,Moodie W.,Davydenko N.,135,6,325,2650,2,6,3,3,,,,,,,0,1,Retired,7,1.08,7.25,1.08,6.75,1.1,10.25,1.089,6.6,1.1
65,St. Petersburg,St. Petersburg Open,10/26/06,International,Indoor,Carpet,2nd Round,3,Johansson T.,Youzhny M.,64,23,635,1110,,,,,,,,,,,,,Walkover,2.1,1.66,,,,,2.22,1.758,2.12,1.68
65,St. Petersburg,St. Petersburg Open,10/26/06,International,Indoor,Carpet,2nd Round,3,Ancic M.,Sluiter R.,12,84,1750,468,6,3,6,4,,,,,,,2,0,Completed,1.11,6,1.12,6,1.15,5.2,1.19,5.76,1.15,5.1
65,St. Petersburg,St. Petersburg Open,10/26/06,International,Indoor,Carpet,2nd Round,3,Hernych J.,Arthurs W.,85,196,459,203,6,4,6,4,,,,,,,2,0,Completed,1.8,1.9,1.77,2,1.87,1.87,1.926,1.98,1.88,1.88
65,St. Petersburg,St. Petersburg Open,10/26/06,International,Indoor,Carpet,2nd Round,3,Kunitsyn I.,Haas T.,128,13,348,1740,7,6,4,6,6,2,,,,,2,1,Completed,3.39,1.3,2.85,1.4,2.55,1.5,3.2,1.417,2.8,1.42
65,St. Petersburg,St. Petersburg Open,10/26/06,International,Indoor,Carpet,2nd Round,3,Mirnyi M.,Pavel A.,60,106,645,393,6,3,7,5,,,,,,,2,0,Completed,1.25,3.75,1.48,2.6,1.45,2.6,1.288,4.17,1.42,2.7
65,St. Petersburg,St. Petersburg Open,10/27/06,International,Indoor,Carpet,Quarterfinals,3,Gulbis E.,Hernych J.,204,85,197,459,7,6,6,7,6,2,,,,,2,1,Completed,,,,,,,,,,
65,St. Petersburg,St. Petersburg Open,10/27/06,International,Indoor,Carpet,Quarterfinals,3,Johansson T.,Moodie W.,64,135,635,325,6,3,3,6,6,3,,,,,2,1,Completed,1.39,2.75,1.37,3.1,1.37,2.92,1.431,3.12,1.36,3.03
65,St. Petersburg,St. Petersburg Open,10/27/06,International,Indoor,Carpet,Quarterfinals,3,Ancic M.,Mirnyi M.,12,60,1750,645,6,4,6,2,,,,,,,2,0,Completed,1.39,2.75,1.48,2.65,1.45,2.65,1.515,2.79,1.5,2.5
65,St. Petersburg,St. Petersburg Open,10/27/06,International,Indoor,Carpet,Quarterfinals,3,Kunitsyn I.,Starace P.,128,97,348,417,6,3,6,2,,,,,,,2,0,Completed,1.28,3.5,1.33,3.3,1.3,3.35,1.388,3.38,1.3,3.4
65,St. Petersburg,St. Petersburg Open,10/28/06,International,Indoor,Carpet,Semifinals,3,Ancic M.,Gulbis E.,12,204,1750,197,6,2,6,3,,,,,,,2,0,Completed,,,,,,,,,,
65,St. Petersburg,St. Petersburg Open,10/28/06,International,Indoor,Carpet,Semifinals,3,Johansson T.,Kunitsyn I.,64,128,635,348,6,3,7,6,,,,,,,2,0,Completed,1.57,2.25,1.65,2.25,1.55,2.35,1.69,2.35,1.58,2.3
65,St. Petersburg,St. Petersburg Open,10/29/06,International,Indoor,Carpet,The Final,3,Ancic M.,Johansson T.,12,64,1750,635,7,5,7,6,,,,,,,2,0,Completed,1.33,3.25,1.33,3.3,1.35,3.1,1.365,3.54,1.35,3.1
66,Paris,BNP Paribas,10/30/06,Masters,Indoor,Carpet,1st Round,3,Almagro N.,Bjorkman J.,36,53,895,723,6,7,7,6,7,6,,,,,2,1,Completed,1.44,2.62,1.45,2.75,1.48,2.53,1.524,2.78,1.5,2.52
66,Paris,BNP Paribas,10/30/06,Masters,Indoor,Carpet,1st Round,3,Bracciali D.,Simon G.,67,44,566,811,6,3,6,4,,,,,,,2,0,Completed,2.2,1.61,1.9,1.9,1.75,2,2.04,1.877,1.85,1.9
66,Paris,BNP Paribas,10/30/06,Masters,Indoor,Carpet,1st Round,3,Rochus O.,Tipsarevic J.,38,65,880,582,6,4,7,5,,,,,,,2,0,Completed,1.5,2.5,1.6,2.35,1.55,2.35,1.588,2.6,1.52,2.45
66,Paris,BNP Paribas,10/30/06,Masters,Indoor,Carpet,1st Round,3,Llodra M.,Verdasco F.,109,31,390,940,6,4,7,6,,,,,,,2,0,Completed,1.83,1.83,1.81,2,1.75,2.05,1.952,1.952,1.8,1.96
66,Paris,BNP Paribas,10/30/06,Masters,Indoor,Carpet,1st Round,3,Ginepri R.,Mirnyi M.,52,58,725,695,6,4,5,7,6,2,,,,,2,1,Completed,1.61,2.2,1.67,2.2,1.65,2.15,1.763,2.21,1.65,2.18
66,Paris,BNP Paribas,10/30/06,Masters,Indoor,Carpet,1st Round,3,Vliegen K.,Serra F.,30,60,950,665,3,6,6,3,7,6,,,,,2,1,Completed,1.36,3,1.5,2.6,1.5,2.45,1.51,2.81,1.5,2.5
66,Paris,BNP Paribas,10/30/06,Masters,Indoor,Carpet,1st Round,3,Mathieu P.H.,Seppi A.,54,76,723,513,6,2,6,4,,,,,,,2,0,Completed,1.28,3.5,1.37,3.1,1.35,3.1,1.317,3.85,1.35,3.1
66,Paris,BNP Paribas,10/30/06,Masters,Indoor,Carpet,1st Round,3,Rochus C.,Acasuso J.,68,26,561,1010,4,6,7,6,6,4,,,,,2,1,Completed,4,1.22,4,1.25,3.74,1.25,4.03,1.3,4.2,1.21
66,Paris,BNP Paribas,10/30/06,Masters,Indoor,Carpet,1st Round,3,Safin M.,Mahut N.,37,66,890,567,6,1,7,6,,,,,,,2,0,Completed,1.1,6.5,1.14,5.65,1.15,5.2,1.138,7.55,1.13,5.6
66,Paris,BNP Paribas,10/31/06,Masters,Indoor,Carpet,1st Round,3,Chela J.I.,Srichaphan P.,33,49,910,760,6,3,3,0,,,,,,,1,0,Retired,3.75,1.25,3.65,1.28,3.46,1.28,3.7,1.333,3.65,1.26
66,Paris,BNP Paribas,10/31/06,Masters,Indoor,Carpet,1st Round,3,Tursunov D.,Almagro N.,22,36,1175,895,6,3,5,4,,,,,,,1,0,Retired,1.33,3.25,1.33,3.3,1.3,3.35,1.351,3.65,1.35,3.1
66,Paris,BNP Paribas,10/31/06,Masters,Indoor,Carpet,1st Round,3,Ginepri R.,Ferrer D.,52,14,725,1595,6,3,6,4,,,,,,,2,0,Completed,1.61,2.2,1.7,2.15,1.65,2.15,1.662,2.41,1.65,2.18
66,Paris,BNP Paribas,10/31/06,Masters,Indoor,Carpet,1st Round,3,Grosjean S.,Malisse X.,32,34,935,910,6,1,7,6,,,,,,,2,0,Completed,1.53,2.37,1.55,2.45,1.58,2.28,1.61,2.54,1.58,2.32
66,Paris,BNP Paribas,10/31/06,Masters,Indoor,Carpet,1st Round,3,Wawrinka S.,Gicquel M.,29,51,958,733,7,6,6,7,7,6,,,,,2,1,Completed,1.57,2.25,1.6,2.35,1.58,2.28,1.556,2.7,1.6,2.28
66,Paris,BNP Paribas,10/31/06,Masters,Indoor,Carpet,1st Round,3,Clement A.,Massu N.,41,43,845,825,6,1,6,4,,,,,,,2,0,Completed,1.36,3,1.37,3.1,1.37,2.92,1.379,3.44,1.37,3
66,Paris,BNP Paribas,10/31/06,Masters,Indoor,Carpet,1st Round,3,Benneteau J.,Santoro F.,42,50,837,755,5,7,6,3,7,6,,,,,2,1,Completed,2.25,1.57,2.1,1.73,2.05,1.75,2.29,1.719,2,1.78
66,Paris,BNP Paribas,10/31/06,Masters,Indoor,Carpet,2nd Round,3,Johansson T.,Spadea V.,69,81,560,495,7,6,7,6,,,,,,,2,0,Completed,1.38,2.87,1.45,2.75,1.45,2.6,1.476,2.9,1.44,2.72
66,Paris,BNP Paribas,10/31/06,Masters,Indoor,Carpet,2nd Round,3,Safin M.,Soderling R.,37,25,890,1063,3,6,6,3,6,4,,,,,2,1,Completed,1.53,2.37,1.6,2.3,1.45,2.6,1.541,2.75,1.6,2.3
66,Paris,BNP Paribas,10/31/06,Masters,Indoor,Carpet,2nd Round,3,Davydenko N.,Rochus C.,5,68,2650,561,6,0,6,0,,,,,,,2,0,Completed,1.08,7,1.1,7,1.1,6.75,1.087,10.5,1.1,6.6
66,Paris,BNP Paribas,10/31/06,Masters,Indoor,Carpet,2nd Round,3,Andreev I.,Monfils G.,100,46,415,790,7,5,6,4,,,,,,,2,0,Completed,3.39,1.3,3.5,1.3,3.1,1.35,3.65,1.339,3,1.37
66,Paris,BNP Paribas,11/1/06,Masters,Indoor,Carpet,2nd Round,3,Berdych T.,Rochus O.,10,38,2080,880,6,7,6,4,6,2,,,,,2,1,Completed,1.38,2.87,1.4,2.95,1.34,3.12,1.386,3.39,1.4,2.85
66,Paris,BNP Paribas,11/1/06,Masters,Indoor,Carpet,2nd Round,3,Nieminen J.,Bracciali D.,17,67,1340,566,6,3,6,4,,,,,,,2,0,Completed,1.33,3.25,1.37,3.1,1.42,2.75,1.412,3.23,1.4,2.8
66,Paris,BNP Paribas,11/1/06,Masters,Indoor,Carpet,2nd Round,3,Haas T.,Llodra M.,13,109,1740,390,7,6,7,6,,,,,,,2,0,Completed,1.38,2.87,1.42,2.85,1.48,2.53,1.481,2.88,1.52,2.45
66,Paris,BNP Paribas,11/1/06,Masters,Indoor,Carpet,2nd Round,3,Mathieu P.H.,Djokovic N.,54,16,723,1465,7,6,7,6,,,,,,,2,0,Completed,3.39,1.3,3.5,1.3,3.1,1.35,3.98,1.305,3,1.37
66,Paris,BNP Paribas,11/1/06,Masters,Indoor,Carpet,2nd Round,3,Blake J.,Clement A.,9,41,2090,845,6,4,3,6,6,4,,,,,2,1,Completed,1.28,3.5,1.4,2.95,1.35,3.1,1.351,3.65,,
66,Paris,BNP Paribas,11/1/06,Masters,Indoor,Carpet,2nd Round,3,Gabashvili T.,Johansson T.,130,69,344,560,7,6,4,6,6,3,,,,,2,1,Completed,4,1.22,3.65,1.28,3.75,1.25,4.45,1.263,3.8,1.25
66,Paris,BNP Paribas,11/1/06,Masters,Indoor,Carpet,2nd Round,3,Ancic M.,Vliegen K.,11,30,1940,950,3,6,7,6,6,3,,,,,2,1,Completed,1.3,3.39,1.35,3.2,1.3,3.35,1.333,3.7,1.32,3.25
66,Paris,BNP Paribas,11/1/06,Masters,Indoor,Carpet,2nd Round,3,Robredo T.,Grosjean S.,7,32,2175,935,3,6,7,5,6,4,,,,,2,1,Completed,2.25,1.57,2.4,1.55,2.25,1.6,2.7,1.556,2.28,1.6
66,Paris,BNP Paribas,11/1/06,Masters,Indoor,Carpet,2nd Round,3,Benneteau J.,Gonzalez F.,42,8,837,2115,3,6,6,4,7,5,,,,,2,1,Completed,4,1.22,4,1.25,5.3,1.13,5.11,1.222,4,1.23
66,Paris,BNP Paribas,11/1/06,Masters,Indoor,Carpet,2nd Round,3,Hrbaty D.,Andreev I.,27,100,1003,415,6,4,6,3,,,,,,,2,0,Completed,1.61,2.2,1.55,2.45,1.53,2.4,1.621,2.51,1.55,2.4
66,Paris,BNP Paribas,11/1/06,Masters,Indoor,Carpet,2nd Round,3,Murray A.,Chela J.I.,19,33,1310,910,7,5,6,0,,,,,,,2,0,Completed,1.36,3,1.48,2.65,1.36,3,1.448,3.03,1.39,2.9
66,Paris,BNP Paribas,11/1/06,Masters,Indoor,Carpet,2nd Round,3,Gasquet R.,Wawrinka S.,20,29,1290,958,7,5,6,1,,,,,,,2,0,Completed,1.36,3,1.35,3.2,1.35,3.1,1.375,3.47,1.35,3.1
66,Paris,BNP Paribas,11/2/06,Masters,Indoor,Carpet,3rd Round,3,Davydenko N.,Tursunov D.,5,22,2650,1175,6,2,6,2,,,,,,,2,0,Completed,1.33,3.25,1.3,3.5,1.26,3.59,1.333,3.7,1.34,3.15
66,Paris,BNP Paribas,11/2/06,Masters,Indoor,Carpet,3rd Round,3,Berdych T.,Ginepri R.,10,52,2080,725,6,3,6,3,,,,,,,2,0,Completed,1.39,2.75,1.37,3.1,1.4,2.85,1.388,3.38,1.42,2.78
66,Paris,BNP Paribas,11/2/06,Masters,Indoor,Carpet,3rd Round,3,Haas T.,Blake J.,13,9,1740,2090,6,4,6,2,,,,,,,2,0,Completed,3,1.36,3.1,1.37,3,1.35,3.4,1.385,2.88,1.4
66,Paris,BNP Paribas,11/2/06,Masters,Indoor,Carpet,3rd Round,3,Ancic M.,Benneteau J.,11,42,1940,837,6,3,6,1,,,,,,,2,0,Completed,1.28,3.5,1.28,3.65,1.23,3.89,1.29,4.15,1.33,3.2
66,Paris,BNP Paribas,11/2/06,Masters,Indoor,Carpet,3rd Round,3,Nieminen J.,Gabashvili T.,17,130,1340,344,4,6,7,6,6,2,,,,,2,1,Completed,1.19,4.33,1.22,4.25,1.2,4.25,1.248,4.64,1.26,3.7
66,Paris,BNP Paribas,11/2/06,Masters,Indoor,Carpet,3rd Round,3,Robredo T.,Mathieu P.H.,7,54,2175,723,6,4,7,6,,,,,,,2,0,Completed,1.66,2.1,1.81,2,1.93,1.81,1.87,2.05,1.86,1.9
66,Paris,BNP Paribas,11/2/06,Masters,Indoor,Carpet,3rd Round,3,Hrbaty D.,Murray A.,27,19,1003,1310,7,6,6,0,,,,,,,2,0,Completed,3.5,1.28,3.3,1.33,2.92,1.37,3.7,1.333,3.2,1.33
66,Paris,BNP Paribas,11/2/06,Masters,Indoor,Carpet,3rd Round,3,Safin M.,Gasquet R.,37,20,890,1290,,,,,,,,,,,,,Walkover,1.72,2,1.77,2.05,1.8,1.95,1.87,2.05,1.8,1.98
66,Paris,BNP Paribas,11/3/06,Masters,Indoor,Carpet,Quarterfinals,3,Robredo T.,Nieminen J.,7,17,2175,1340,6,7,7,6,6,4,,,,,2,1,Completed,1.5,2.62,1.55,2.45,1.45,2.6,1.549,2.72,1.55,2.4
66,Paris,BNP Paribas,11/3/06,Masters,Indoor,Carpet,Quarterfinals,3,Davydenko N.,Ancic M.,5,11,2650,1940,6,3,6,3,,,,,,,2,0,Completed,1.57,2.37,1.57,2.4,1.5,2.45,1.641,2.46,1.54,2.42
66,Paris,BNP Paribas,11/3/06,Masters,Indoor,Carpet,Quarterfinals,3,Hrbaty D.,Berdych T.,27,10,1003,2080,6,4,1,6,6,2,,,,,2,1,Completed,4.33,1.22,4.25,1.22,3.9,1.25,5.1,1.222,3.85,1.25
66,Paris,BNP Paribas,11/3/06,Masters,Indoor,Carpet,Quarterfinals,3,Haas T.,Safin M.,13,37,1740,890,7,6,3,6,6,3,,,,,2,1,Completed,2.62,1.5,2.5,1.53,2.6,1.45,2.58,1.595,2.55,1.5
66,Paris,BNP Paribas,11/4/06,Masters,Indoor,Carpet,Semifinals,3,Davydenko N.,Robredo T.,5,7,2650,2175,6,3,5,7,6,2,,,,,2,1,Completed,1.3,3.5,1.28,3.65,1.28,3.46,1.313,3.89,1.3,3.5
66,Paris,BNP Paribas,11/4/06,Masters,Indoor,Carpet,Semifinals,3,Hrbaty D.,Haas T.,27,13,1003,1740,6,4,1,0,,,,,,,1,0,Retired,2.87,1.39,2.95,1.4,2.4,1.53,1.1,1.1,2.6,1.47
66,Paris,BNP Paribas,11/5/05,Masters,Indoor,Carpet,The Final,5,Davydenko N.,Hrbaty D.,5,27,2650,1003,6,1,6,2,6,2,,,,,3,0,Completed,1.22,4.33,1.22,4.25,1.2,4.25,1.274,4.35,1.23,4
67,Shanghai,Masters Cup,11/12/06,Masters Cup,Indoor,Hard,Round Robin,3,Federer R.,Nalbandian D.,1,7,7620,2195,3,6,6,1,6,1,,,,,2,1,Completed,,,1.06,9,,,,,,
67,Shanghai,Masters Cup,11/12/06,Masters Cup,Indoor,Hard,Round Robin,3,Roddick A.,Ljubicic I.,5,4,2315,2395,6,4,6,7,6,1,,,,,2,1,Completed,,,1.9,1.9,,,,,,
67,Shanghai,Masters Cup,11/13/06,Masters Cup,Indoor,Hard,Round Robin,3,Blake J.,Nadal R.,8,2,2130,4270,6,4,7,6,,,,,,,2,0,Completed,2.37,1.53,2.3,1.62,2.39,1.56,2.36,1.685,2.15,1.67
67,Shanghai,Masters Cup,11/13/06,Masters Cup,Indoor,Hard,Round Robin,3,Davydenko N.,Robredo R.,3,6,2735,2275,7,6,3,6,6,1,,,,,2,1,Completed,1.19,4.33,1.2,4.55,1.2,3.85,1.227,5.01,1.24,3.9
67,Shanghai,Masters Cup,11/14/06,Masters Cup,Indoor,Hard,Round Robin,3,Federer R.,Roddick A.,1,5,7620,2315,4,6,7,6,6,4,,,,,2,1,Completed,1.06,8,1.07,8.5,1.07,7.19,1.098,9.21,1.07,8
67,Shanghai,Masters Cup,11/14/06,Masters Cup,Indoor,Hard,Round Robin,3,Ljubicic I.,Nalbandian D.,4,7,2395,2195,5,7,7,6,7,5,,,,,2,1,Completed,2.2,1.61,2.35,1.6,2.25,1.6,2.29,1.719,2.16,1.66
67,Shanghai,Masters Cup,11/15/06,Masters Cup,Indoor,Hard,Round Robin,3,Blake J.,Davydenko N.,8,3,2130,2735,2,6,6,4,7,5,,,,,2,1,Completed,1.72,2,1.77,2.05,1.75,2.05,1.775,2.19,1.8,1.98
67,Shanghai,Masters Cup,11/15/06,Masters Cup,Indoor,Hard,Round Robin,3,Nadal R.,Robredo R.,2,6,4270,2275,7,6,6,2,,,,,,,2,0,Completed,1.19,4.33,1.22,4.25,1.2,4.25,1.181,6.02,1.22,4.1
67,Shanghai,Masters Cup,11/16/06,Masters Cup,Indoor,Hard,Round Robin,3,Nalbandian D.,Roddick A.,7,5,2195,2315,6,2,7,6,,,,,,,2,0,Completed,3.5,1.28,3.6,1.29,3.74,1.25,3.85,1.317,3.75,1.25
67,Shanghai,Masters Cup,11/16/06,Masters Cup,Indoor,Hard,Round Robin,3,Federer R.,Ljubicic I.,1,4,7620,2395,7,6,6,4,,,,,,,2,0,Completed,1.08,7,1.06,9,1.1,6.75,1.091,10,1.09,7
67,Shanghai,Masters Cup,11/17/06,Masters Cup,Indoor,Hard,Round Robin,3,Nadal R.,Davydenko N.,2,3,4270,2735,5,7,6,4,6,4,,,,,2,1,Completed,1.5,2.5,1.48,2.65,1.48,2.53,1.552,2.71,1.5,2.55
67,Shanghai,Masters Cup,11/17/06,Masters Cup,Indoor,Hard,Round Robin,3,Robredo R.,Blake J.,6,8,2275,2130,6,2,3,6,7,5,,,,,2,1,Completed,3,1.36,2.95,1.4,1.85,1.85,2.92,1.472,2.85,1.4
67,Shanghai,Masters Cup,11/18/06,Masters Cup,Indoor,Hard,Semifinals,3,Federer R.,Nadal R.,1,2,7620,4270,6,4,7,5,,,,,,,2,0,Completed,1.14,5.5,1.15,5.5,1.15,4.92,1.195,5.64,1.16,5.1
67,Shanghai,Masters Cup,11/18/06,Masters Cup,Indoor,Hard,Semifinals,3,Blake J.,Nalbandian D.,8,7,2130,2195,6,4,6,1,,,,,,,2,0,Completed,2.1,1.72,2,1.81,2.15,1.65,2.08,1.847,2.12,1.7
67,Shanghai,Masters Cup,11/19/06,Masters Cup,Indoor,Hard,The Final,5,Federer R.,Blake J.,1,8,7620,2130,6,0,6,3,6,4,,,,,3,0,Completed,1.07,8.5,1.06,9,1.1,5.8,1.099,9.15,1.08,8